0.00000013 2.100694
0.00000026 2.103950
0.00000039 2.107205
0.00000052 2.110460
0.00000065 2.113715
0.00000078 2.116970
0.00000091 2.120226
0.00000104 2.123481
0.00000117 2.126736
0.00000130 2.129991
0.00000143 2.133247
0.00000156 2.136502
0.00000169 2.139757
0.00000182 2.143012
0.00000195 2.146267
0.00000208 2.149523
0.00000221 2.152778
0.00000234 2.156033
0.00000247 2.159288
0.00000260 2.162543
0.00000273 2.165799
0.00000286 2.169054
0.00000299 2.172309
0.00000313 2.175564
0.00000326 2.178819
0.00000339 2.182075
0.00000352 2.185330
0.00000365 2.188585
0.00000378 2.191840
0.00000391 2.195095
0.00000404 2.198351
0.00000417 2.201606
0.00000430 2.204861
0.00000443 2.208116
0.00000456 2.211372
0.00000469 2.214627
0.00000482 2.217882
0.00000495 2.221137
0.00000508 2.224392
0.00000521 2.227648
0.00000534 2.230903
0.00000547 2.234158
0.00000560 2.237413
0.00000573 2.240668
0.00000586 2.243924
0.00000599 2.247179
0.00000612 2.250434
0.00000625 2.253689
0.00000638 2.256944
0.00000651 2.260200
0.00000664 2.263455
0.00000677 2.266710
0.00000690 2.269965
0.00000703 2.273220
0.00000716 2.276476
0.00000729 2.279731
0.00000742 2.282986
0.00000755 2.286241
0.00000768 2.289497
0.00000781 2.292752
0.00000794 2.296007
0.00000807 2.299262
0.00000820 2.302517
0.00000833 2.305773
0.00000846 2.309028
0.00000859 2.312283
0.00000872 2.315538
0.00000885 2.318793
0.00000898 2.322049
0.00000911 2.325304
0.00000924 2.328559
0.00000937 2.331814
0.00000951 2.335069
0.00000964 2.338325
0.00000977 2.341580
0.00000990 2.344835
0.00001003 2.348090
0.00001016 2.351345
0.00001029 2.354601
0.00001042 2.357856
0.00001055 2.361111
0.00001068 2.364366
0.00001081 2.367622
0.00001094 2.370877
0.00001107 2.374132
0.00001120 2.377387
0.00001133 2.380642
0.00001146 2.383898
0.00001159 2.387153
0.00001172 2.390408
0.00001185 2.393663
0.00001198 2.396918
0.00001211 2.400174
0.00001224 2.403429
0.00001237 2.406684
0.00001250 2.409939
0.00001263 2.413194
0.00001276 2.416450
0.00001289 2.419705
0.00001302 2.422960
0.00001315 2.426215
0.00001328 2.429470
0.00001341 2.432726
0.00001354 2.435981
0.00001367 2.439236
0.00001380 2.442491
0.00001393 2.445747
0.00001406 2.449002
0.00001419 2.452257
0.00001432 2.455512
0.00001445 2.458767
0.00001458 2.462023
0.00001471 2.465278
0.00001484 2.468533
0.00001497 2.471788
0.00001510 2.475043
0.00001523 2.478299
0.00001536 2.481554
0.00001549 2.484809
0.00001562 2.488064
0.00001576 2.491319
0.00001589 2.494575
0.00001602 2.497830
0.00003359 2.100694
0.00003372 2.103950
0.00003385 2.107205
0.00003398 2.110460
0.00003411 2.113715
0.00003424 2.116970
0.00003437 2.120226
0.00003451 2.123481
0.00003464 2.126736
0.00003477 2.129991
0.00003490 2.133247
0.00003503 2.136502
0.00003516 2.139757
0.00003529 2.143012
0.00003542 2.146267
0.00003555 2.149523
0.00003568 2.152778
0.00003581 2.156033
0.00003594 2.159288
0.00003607 2.162543
0.00003620 2.165799
0.00003633 2.169054
0.00003646 2.172309
0.00003659 2.175564
0.00003672 2.178819
0.00003685 2.182075
0.00003698 2.185330
0.00003711 2.188585
0.00003724 2.191840
0.00003737 2.195095
0.00003750 2.198351
0.00003763 2.201606
0.00003776 2.204861
0.00003789 2.208116
0.00003802 2.211372
0.00003815 2.214627
0.00003828 2.217882
0.00003841 2.221137
0.00003854 2.224392
0.00003867 2.227648
0.00003880 2.230903
0.00003893 2.234158
0.00003906 2.237413
0.00003919 2.240668
0.00003932 2.243924
0.00003945 2.247179
0.00003958 2.250434
0.00003971 2.253689
0.00003984 2.256944
0.00003997 2.260200
0.00004010 2.263455
0.00004023 2.266710
0.00004036 2.269965
0.00004049 2.273220
0.00004062 2.276476
0.00004076 2.279731
0.00004089 2.282986
0.00004102 2.286241
0.00004115 2.289497
0.00004128 2.292752
0.00004141 2.296007
0.00004154 2.299262
0.00004167 2.302517
0.00004180 2.305773
0.00004193 2.309028
0.00004206 2.312283
0.00004219 2.315538
0.00004232 2.318793
0.00004245 2.322049
0.00004258 2.325304
0.00004271 2.328559
0.00004284 2.331814
0.00004297 2.335069
0.00004310 2.338325
0.00004323 2.341580
0.00004336 2.344835
0.00004349 2.348090
0.00004362 2.351345
0.00004375 2.354601
0.00004388 2.357856
0.00004401 2.361111
0.00004414 2.364366
0.00004427 2.367622
0.00004440 2.370877
0.00004453 2.374132
0.00004466 2.377387
0.00004479 2.380642
0.00004492 2.383898
0.00004505 2.387153
0.00004518 2.390408
0.00004531 2.393663
0.00004544 2.396918
0.00004557 2.400174
0.00004570 2.403429
0.00004583 2.406684
0.00004596 2.409939
0.00004609 2.413194
0.00004622 2.416450
0.00004635 2.419705
0.00004648 2.422960
0.00004661 2.426215
0.00004674 2.429470
0.00004687 2.432726
0.00004701 2.435981
0.00004714 2.439236
0.00004727 2.442491
0.00004740 2.445747
0.00004753 2.449002
0.00004766 2.452257
0.00004779 2.455512
0.00004792 2.458767
0.00004805 2.462023
0.00004818 2.465278
0.00004831 2.468533
0.00004844 2.471788
0.00004857 2.475043
0.00004870 2.478299
0.00004883 2.481554
0.00004896 2.484809
0.00004909 2.488064
0.00004922 2.491319
0.00004935 2.494575
0.00004948 2.497830
0.00006706 2.100694
0.00006719 2.103950
0.00006732 2.107205
0.00006745 2.110460
0.00006758 2.113715
0.00006771 2.116970
0.00006784 2.120226
0.00006797 2.123481
0.00006810 2.126736
0.00006823 2.129991
0.00006836 2.133247
0.00006849 2.136502
0.00006862 2.139757
0.00006875 2.143012
0.00006888 2.146267
0.00006901 2.149523
0.00006914 2.152778
0.00006927 2.156033
0.00006940 2.159288
0.00006953 2.162543
0.00006966 2.165799
0.00006979 2.169054
0.00006992 2.172309
0.00007005 2.175564
0.00007018 2.178819
0.00007031 2.182075
0.00007044 2.185330
0.00007057 2.188585
0.00007070 2.191840
0.00007083 2.195095
0.00007096 2.198351
0.00007109 2.201606
0.00007122 2.204861
0.00007135 2.208116
0.00007148 2.211372
0.00007161 2.214627
0.00007174 2.217882
0.00007187 2.221137
0.00007201 2.224392
0.00007214 2.227648
0.00007227 2.230903
0.00007240 2.234158
0.00007253 2.237413
0.00007266 2.240668
0.00007279 2.243924
0.00007292 2.247179
0.00007305 2.250434
0.00007318 2.253689
0.00007331 2.256944
0.00007344 2.260200
0.00007357 2.263455
0.00007370 2.266710
0.00007383 2.269965
0.00007396 2.273220
0.00007409 2.276476
0.00007422 2.279731
0.00007435 2.282986
0.00007448 2.286241
0.00007461 2.289497
0.00007474 2.292752
0.00007487 2.296007
0.00007500 2.299262
0.00007513 2.302517
0.00007526 2.305773
0.00007539 2.309028
0.00007552 2.312283
0.00007565 2.315538
0.00007578 2.318793
0.00007591 2.322049
0.00007604 2.325304
0.00007617 2.328559
0.00007630 2.331814
0.00007643 2.335069
0.00007656 2.338325
0.00007669 2.341580
0.00007682 2.344835
0.00007695 2.348090
0.00007708 2.351345
0.00007721 2.354601
0.00007734 2.357856
0.00007747 2.361111
0.00007760 2.364366
0.00007773 2.367622
0.00007786 2.370877
0.00007799 2.374132
0.00007812 2.377387
0.00007826 2.380642
0.00007839 2.383898
0.00007852 2.387153
0.00007865 2.390408
0.00007878 2.393663
0.00007891 2.396918
0.00007904 2.400174
0.00007917 2.403429
0.00007930 2.406684
0.00007943 2.409939
0.00007956 2.413194
0.00007969 2.416450
0.00007982 2.419705
0.00007995 2.422960
0.00008008 2.426215
0.00008021 2.429470
0.00008034 2.432726
0.00008047 2.435981
0.00008060 2.439236
0.00008073 2.442491
0.00008086 2.445747
0.00008099 2.449002
0.00008112 2.452257
0.00008125 2.455512
0.00008138 2.458767
0.00008151 2.462023
0.00008164 2.465278
0.00008177 2.468533
0.00008190 2.471788
0.00008203 2.475043
0.00008216 2.478299
0.00008229 2.481554
0.00008242 2.484809
0.00008255 2.488064
0.00008268 2.491319
0.00008281 2.494575
0.00008294 2.497830
0.00010052 2.100694
0.00010065 2.103950
0.00010078 2.107205
0.00010091 2.110460
0.00010104 2.113715
0.00010117 2.116970
0.00010130 2.120226
0.00010143 2.123481
0.00010156 2.126736
0.00010169 2.129991
0.00010182 2.133247
0.00010195 2.136502
0.00010208 2.139757
0.00010221 2.143012
0.00010234 2.146267
0.00010247 2.149523
0.00010260 2.152778
0.00010273 2.156033
0.00010286 2.159288
0.00010299 2.162543
0.00010312 2.165799
0.00010326 2.169054
0.00010339 2.172309
0.00010352 2.175564
0.00010365 2.178819
0.00010378 2.182075
0.00010391 2.185330
0.00010404 2.188585
0.00010417 2.191840
0.00010430 2.195095
0.00010443 2.198351
0.00010456 2.201606
0.00010469 2.204861
0.00010482 2.208116
0.00010495 2.211372
0.00010508 2.214627
0.00010521 2.217882
0.00010534 2.221137
0.00010547 2.224392
0.00010560 2.227648
0.00010573 2.230903
0.00010586 2.234158
0.00010599 2.237413
0.00010612 2.240668
0.00010625 2.243924
0.00010638 2.247179
0.00010651 2.250434
0.00010664 2.253689
0.00010677 2.256944
0.00010690 2.260200
0.00010703 2.263455
0.00010716 2.266710
0.00010729 2.269965
0.00010742 2.273220
0.00010755 2.276476
0.00010768 2.279731
0.00010781 2.282986
0.00010794 2.286241
0.00010807 2.289497
0.00010820 2.292752
0.00010833 2.296007
0.00010846 2.299262
0.00010859 2.302517
0.00010872 2.305773
0.00010885 2.309028
0.00010898 2.312283
0.00010911 2.315538
0.00010924 2.318793
0.00010937 2.322049
0.00010951 2.325304
0.00010964 2.328559
0.00010977 2.331814
0.00010990 2.335069
0.00011003 2.338325
0.00011016 2.341580
0.00011029 2.344835
0.00011042 2.348090
0.00011055 2.351345
0.00011068 2.354601
0.00011081 2.357856
0.00011094 2.361111
0.00011107 2.364366
0.00011120 2.367622
0.00011133 2.370877
0.00011146 2.374132
0.00011159 2.377387
0.00011172 2.380642
0.00011185 2.383898
0.00011198 2.387153
0.00011211 2.390408
0.00011224 2.393663
0.00011237 2.396918
0.00011250 2.400174
0.00011263 2.403429
0.00011276 2.406684
0.00011289 2.409939
0.00011302 2.413194
0.00011315 2.416450
0.00011328 2.419705
0.00011341 2.422960
0.00011354 2.426215
0.00011367 2.429470
0.00011380 2.432726
0.00011393 2.435981
0.00011406 2.439236
0.00011419 2.442491
0.00011432 2.445747
0.00011445 2.449002
0.00011458 2.452257
0.00011471 2.455512
0.00011484 2.458767
0.00011497 2.462023
0.00011510 2.465278
0.00011523 2.468533
0.00011536 2.471788
0.00011549 2.475043
0.00011562 2.478299
0.00011576 2.481554
0.00011589 2.484809
0.00011602 2.488064
0.00011615 2.491319
0.00011628 2.494575
0.00011641 2.497830
0.00013398 2.100694
0.00013411 2.103950
0.00013424 2.107205
0.00013438 2.110460
0.00013451 2.113715
0.00013464 2.116970
0.00013477 2.120226
0.00013490 2.123481
0.00013503 2.126736
0.00013516 2.129991
0.00013529 2.133247
0.00013542 2.136502
0.00013555 2.139757
0.00013568 2.143012
0.00013581 2.146267
0.00013594 2.149523
0.00013607 2.152778
0.00013620 2.156033
0.00013633 2.159288
0.00013646 2.162543
0.00013659 2.165799
0.00013672 2.169054
0.00013685 2.172309
0.00013698 2.175564
0.00013711 2.178819
0.00013724 2.182075
0.00013737 2.185330
0.00013750 2.188585
0.00013763 2.191840
0.00013776 2.195095
0.00013789 2.198351
0.00013802 2.201606
0.00013815 2.204861
0.00013828 2.208116
0.00013841 2.211372
0.00013854 2.214627
0.00013867 2.217882
0.00013880 2.221137
0.00013893 2.224392
0.00013906 2.227648
0.00013919 2.230903
0.00013932 2.234158
0.00013945 2.237413
0.00013958 2.240668
0.00013971 2.243924
0.00013984 2.247179
0.00013997 2.250434
0.00014010 2.253689
0.00014023 2.256944
0.00014036 2.260200
0.00014049 2.263455
0.00014063 2.266710
0.00014076 2.269965
0.00014089 2.273220
0.00014102 2.276476
0.00014115 2.279731
0.00014128 2.282986
0.00014141 2.286241
0.00014154 2.289497
0.00014167 2.292752
0.00014180 2.296007
0.00014193 2.299262
0.00014206 2.302517
0.00014219 2.305773
0.00014232 2.309028
0.00014245 2.312283
0.00014258 2.315538
0.00014271 2.318793
0.00014284 2.322049
0.00014297 2.325304
0.00014310 2.328559
0.00014323 2.331814
0.00014336 2.335069
0.00014349 2.338325
0.00014362 2.341580
0.00014375 2.344835
0.00014388 2.348090
0.00014401 2.351345
0.00014414 2.354601
0.00014427 2.357856
0.00014440 2.361111
0.00014453 2.364366
0.00014466 2.367622
0.00014479 2.370877
0.00014492 2.374132
0.00014505 2.377387
0.00014518 2.380642
0.00014531 2.383898
0.00014544 2.387153
0.00014557 2.390408
0.00014570 2.393663
0.00014583 2.396918
0.00014596 2.400174
0.00014609 2.403429
0.00014622 2.406684
0.00014635 2.409939
0.00014648 2.413194
0.00014661 2.416450
0.00014674 2.419705
0.00014688 2.422960
0.00014701 2.426215
0.00014714 2.429470
0.00014727 2.432726
0.00014740 2.435981
0.00014753 2.439236
0.00014766 2.442491
0.00014779 2.445747
0.00014792 2.449002
0.00014805 2.452257
0.00014818 2.455512
0.00014831 2.458767
0.00014844 2.462023
0.00014857 2.465278
0.00014870 2.468533
0.00014883 2.471788
0.00014896 2.475043
0.00014909 2.478299
0.00014922 2.481554
0.00014935 2.484809
0.00014948 2.488064
0.00014961 2.491319
0.00014974 2.494575
0.00014987 2.497830
0.00016745 2.100694
0.00016758 2.103950
0.00016771 2.107205
0.00016784 2.110460
0.00016797 2.113715
0.00016810 2.116970
0.00016823 2.120226
0.00016836 2.123481
0.00016849 2.126736
0.00016862 2.129991
0.00016875 2.133247
0.00016888 2.136502
0.00016901 2.139757
0.00016914 2.143012
0.00016927 2.146267
0.00016940 2.149523
0.00016953 2.152778
0.00016966 2.156033
0.00016979 2.159288
0.00016992 2.162543
0.00017005 2.165799
0.00017018 2.169054
0.00017031 2.172309
0.00017044 2.175564
0.00017057 2.178819
0.00017070 2.182075
0.00017083 2.185330
0.00017096 2.188585
0.00017109 2.191840
0.00017122 2.195095
0.00017135 2.198351
0.00017148 2.201606
0.00017161 2.204861
0.00017174 2.208116
0.00017188 2.211372
0.00017201 2.214627
0.00017214 2.217882
0.00017227 2.221137
0.00017240 2.224392
0.00017253 2.227648
0.00017266 2.230903
0.00017279 2.234158
0.00017292 2.237413
0.00017305 2.240668
0.00017318 2.243924
0.00017331 2.247179
0.00017344 2.250434
0.00017357 2.253689
0.00017370 2.256944
0.00017383 2.260200
0.00017396 2.263455
0.00017409 2.266710
0.00017422 2.269965
0.00017435 2.273220
0.00017448 2.276476
0.00017461 2.279731
0.00017474 2.282986
0.00017487 2.286241
0.00017500 2.289497
0.00017513 2.292752
0.00017526 2.296007
0.00017539 2.299262
0.00017552 2.302517
0.00017565 2.305773
0.00017578 2.309028
0.00017591 2.312283
0.00017604 2.315538
0.00017617 2.318793
0.00017630 2.322049
0.00017643 2.325304
0.00017656 2.328559
0.00017669 2.331814
0.00017682 2.335069
0.00017695 2.338325
0.00017708 2.341580
0.00017721 2.344835
0.00017734 2.348090
0.00017747 2.351345
0.00017760 2.354601
0.00017773 2.357856
0.00017786 2.361111
0.00017799 2.364366
0.00017813 2.367622
0.00017826 2.370877
0.00017839 2.374132
0.00017852 2.377387
0.00017865 2.380642
0.00017878 2.383898
0.00017891 2.387153
0.00017904 2.390408
0.00017917 2.393663
0.00017930 2.396918
0.00017943 2.400174
0.00017956 2.403429
0.00017969 2.406684
0.00017982 2.409939
0.00017995 2.413194
0.00018008 2.416450
0.00018021 2.419705
0.00018034 2.422960
0.00018047 2.426215
0.00018060 2.429470
0.00018073 2.432726
0.00018086 2.435981
0.00018099 2.439236
0.00018112 2.442491
0.00018125 2.445747
0.00018138 2.449002
0.00018151 2.452257
0.00018164 2.455512
0.00018177 2.458767
0.00018190 2.462023
0.00018203 2.465278
0.00018216 2.468533
0.00018229 2.471788
0.00018242 2.475043
0.00018255 2.478299
0.00018268 2.481554
0.00018281 2.484809
0.00018294 2.488064
0.00018307 2.491319
0.00018320 2.494575
0.00018333 2.497830
0.00020091 2.100694
0.00020104 2.103950
0.00020117 2.107205
0.00020130 2.110460
0.00020143 2.113715
0.00020156 2.116970
0.00020169 2.120226
0.00020182 2.123481
0.00020195 2.126736
0.00020208 2.129991
0.00020221 2.133247
0.00020234 2.136502
0.00020247 2.139757
0.00020260 2.143012
0.00020273 2.146267
0.00020286 2.149523
0.00020299 2.152778
0.00020313 2.156033
0.00020326 2.159288
0.00020339 2.162543
0.00020352 2.165799
0.00020365 2.169054
0.00020378 2.172309
0.00020391 2.175564
0.00020404 2.178819
0.00020417 2.182075
0.00020430 2.185330
0.00020443 2.188585
0.00020456 2.191840
0.00020469 2.195095
0.00020482 2.198351
0.00020495 2.201606
0.00020508 2.204861
0.00020521 2.208116
0.00020534 2.211372
0.00020547 2.214627
0.00020560 2.217882
0.00020573 2.221137
0.00020586 2.224392
0.00020599 2.227648
0.00020612 2.230903
0.00020625 2.234158
0.00020638 2.237413
0.00020651 2.240668
0.00020664 2.243924
0.00020677 2.247179
0.00020690 2.250434
0.00020703 2.253689
0.00020716 2.256944
0.00020729 2.260200
0.00020742 2.263455
0.00020755 2.266710
0.00020768 2.269965
0.00020781 2.273220
0.00020794 2.276476
0.00020807 2.279731
0.00020820 2.282986
0.00020833 2.286241
0.00020846 2.289497
0.00020859 2.292752
0.00020872 2.296007
0.00020885 2.299262
0.00020898 2.302517
0.00020911 2.305773
0.00020924 2.309028
0.00020938 2.312283
0.00020951 2.315538
0.00020964 2.318793
0.00020977 2.322049
0.00020990 2.325304
0.00021003 2.328559
0.00021016 2.331814
0.00021029 2.335069
0.00021042 2.338325
0.00021055 2.341580
0.00021068 2.344835
0.00021081 2.348090
0.00021094 2.351345
0.00021107 2.354601
0.00021120 2.357856
0.00021133 2.361111
0.00021146 2.364366
0.00021159 2.367622
0.00021172 2.370877
0.00021185 2.374132
0.00021198 2.377387
0.00021211 2.380642
0.00021224 2.383898
0.00021237 2.387153
0.00021250 2.390408
0.00021263 2.393663
0.00021276 2.396918
0.00021289 2.400174
0.00021302 2.403429
0.00021315 2.406684
0.00021328 2.409939
0.00021341 2.413194
0.00021354 2.416450
0.00021367 2.419705
0.00021380 2.422960
0.00021393 2.426215
0.00021406 2.429470
0.00021419 2.432726
0.00021432 2.435981
0.00021445 2.439236
0.00021458 2.442491
0.00021471 2.445747
0.00021484 2.449002
0.00021497 2.452257
0.00021510 2.455512
0.00021523 2.458767
0.00021536 2.462023
0.00021549 2.465278
0.00021563 2.468533
0.00021576 2.471788
0.00021589 2.475043
0.00021602 2.478299
0.00021615 2.481554
0.00021628 2.484809
0.00021641 2.488064
0.00021654 2.491319
0.00021667 2.494575
0.00021680 2.497830
0.00023438 2.100694
0.00023451 2.103950
0.00023464 2.107205
0.00023477 2.110460
0.00023490 2.113715
0.00023503 2.116970
0.00023516 2.120226
0.00023529 2.123481
0.00023542 2.126736
0.00023555 2.129991
0.00023568 2.133247
0.00023581 2.136502
0.00023594 2.139757
0.00023607 2.143012
0.00023620 2.146267
0.00023633 2.149523
0.00023646 2.152778
0.00023659 2.156033
0.00023672 2.159288
0.00023685 2.162543
0.00023698 2.165799
0.00023711 2.169054
0.00023724 2.172309
0.00023737 2.175564
0.00023750 2.178819
0.00023763 2.182075
0.00023776 2.185330
0.00023789 2.188585
0.00023802 2.191840
0.00023815 2.195095
0.00023828 2.198351
0.00023841 2.201606
0.00023854 2.204861
0.00023867 2.208116
0.00023880 2.211372
0.00023893 2.214627
0.00023906 2.217882
0.00023919 2.221137
0.00023932 2.224392
0.00023945 2.227648
0.00023958 2.230903
0.00023971 2.234158
0.00023984 2.237413
0.00023997 2.240668
0.00024010 2.243924
0.00024023 2.247179
0.00024036 2.250434
0.00024049 2.253689
0.00024063 2.256944
0.00024076 2.260200
0.00024089 2.263455
0.00024102 2.266710
0.00024115 2.269965
0.00024128 2.273220
0.00024141 2.276476
0.00024154 2.279731
0.00024167 2.282986
0.00024180 2.286241
0.00024193 2.289497
0.00024206 2.292752
0.00024219 2.296007
0.00024232 2.299262
0.00024245 2.302517
0.00024258 2.305773
0.00024271 2.309028
0.00024284 2.312283
0.00024297 2.315538
0.00024310 2.318793
0.00024323 2.322049
0.00024336 2.325304
0.00024349 2.328559
0.00024362 2.331814
0.00024375 2.335069
0.00024388 2.338325
0.00024401 2.341580
0.00024414 2.344835
0.00024427 2.348090
0.00024440 2.351345
0.00024453 2.354601
0.00024466 2.357856
0.00024479 2.361111
0.00024492 2.364366
0.00024505 2.367622
0.00024518 2.370877
0.00024531 2.374132
0.00024544 2.377387
0.00024557 2.380642
0.00024570 2.383898
0.00024583 2.387153
0.00024596 2.390408
0.00024609 2.393663
0.00024622 2.396918
0.00024635 2.400174
0.00024648 2.403429
0.00024661 2.406684
0.00024674 2.409939
0.00024688 2.413194
0.00024701 2.416450
0.00024714 2.419705
0.00024727 2.422960
0.00024740 2.426215
0.00024753 2.429470
0.00024766 2.432726
0.00024779 2.435981
0.00024792 2.439236
0.00024805 2.442491
0.00024818 2.445747
0.00024831 2.449002
0.00024844 2.452257
0.00024857 2.455512
0.00024870 2.458767
0.00024883 2.462023
0.00024896 2.465278
0.00024909 2.468533
0.00024922 2.471788
0.00024935 2.475043
0.00024948 2.478299
0.00024961 2.481554
0.00024974 2.484809
0.00024987 2.488064
0.00025000 2.491319
0.00025013 2.494575
0.00025026 2.497830
0.00026784 2.100694
0.00026797 2.103950
0.00026810 2.107205
0.00026823 2.110460
0.00026836 2.113715
0.00026849 2.116970
0.00026862 2.120226
0.00026875 2.123481
0.00026888 2.126736
0.00026901 2.129991
0.00026914 2.133247
0.00026927 2.136502
0.00026940 2.139757
0.00026953 2.143012
0.00026966 2.146267
0.00026979 2.149523
0.00026992 2.152778
0.00027005 2.156033
0.00027018 2.159288
0.00027031 2.162543
0.00027044 2.165799
0.00027057 2.169054
0.00027070 2.172309
0.00027083 2.175564
0.00027096 2.178819
0.00027109 2.182075
0.00027122 2.185330
0.00027135 2.188585
0.00027148 2.191840
0.00027161 2.195095
0.00027174 2.198351
0.00027188 2.201606
0.00027201 2.204861
0.00027214 2.208116
0.00027227 2.211372
0.00027240 2.214627
0.00027253 2.217882
0.00027266 2.221137
0.00027279 2.224392
0.00027292 2.227648
0.00027305 2.230903
0.00027318 2.234158
0.00027331 2.237413
0.00027344 2.240668
0.00027357 2.243924
0.00027370 2.247179
0.00027383 2.250434
0.00027396 2.253689
0.00027409 2.256944
0.00027422 2.260200
0.00027435 2.263455
0.00027448 2.266710
0.00027461 2.269965
0.00027474 2.273220
0.00027487 2.276476
0.00027500 2.279731
0.00027513 2.282986
0.00027526 2.286241
0.00027539 2.289497
0.00027552 2.292752
0.00027565 2.296007
0.00027578 2.299262
0.00027591 2.302517
0.00027604 2.305773
0.00027617 2.309028
0.00027630 2.312283
0.00027643 2.315538
0.00027656 2.318793
0.00027669 2.322049
0.00027682 2.325304
0.00027695 2.328559
0.00027708 2.331814
0.00027721 2.335069
0.00027734 2.338325
0.00027747 2.341580
0.00027760 2.344835
0.00027773 2.348090
0.00027786 2.351345
0.00027799 2.354601
0.00027813 2.357856
0.00027826 2.361111
0.00027839 2.364366
0.00027852 2.367622
0.00027865 2.370877
0.00027878 2.374132
0.00027891 2.377387
0.00027904 2.380642
0.00027917 2.383898
0.00027930 2.387153
0.00027943 2.390408
0.00027956 2.393663
0.00027969 2.396918
0.00027982 2.400174
0.00027995 2.403429
0.00028008 2.406684
0.00028021 2.409939
0.00028034 2.413194
0.00028047 2.416450
0.00028060 2.419705
0.00028073 2.422960
0.00028086 2.426215
0.00028099 2.429470
0.00028112 2.432726
0.00028125 2.435981
0.00028138 2.439236
0.00028151 2.442491
0.00028164 2.445747
0.00028177 2.449002
0.00028190 2.452257
0.00028203 2.455512
0.00028216 2.458767
0.00028229 2.462023
0.00028242 2.465278
0.00028255 2.468533
0.00028268 2.471788
0.00028281 2.475043
0.00028294 2.478299
0.00028307 2.481554
0.00028320 2.484809
0.00028333 2.488064
0.00028346 2.491319
0.00028359 2.494575
0.00028372 2.497830
0.00030130 2.100694
0.00030143 2.103950
0.00030156 2.107205
0.00030169 2.110460
0.00030182 2.113715
0.00030195 2.116970
0.00030208 2.120226
0.00030221 2.123481
0.00030234 2.126736
0.00030247 2.129991
0.00030260 2.133247
0.00030273 2.136502
0.00030286 2.139757
0.00030299 2.143012
0.00030313 2.146267
0.00030326 2.149523
0.00030339 2.152778
0.00030352 2.156033
0.00030365 2.159288
0.00030378 2.162543
0.00030391 2.165799
0.00030404 2.169054
0.00030417 2.172309
0.00030430 2.175564
0.00030443 2.178819
0.00030456 2.182075
0.00030469 2.185330
0.00030482 2.188585
0.00030495 2.191840
0.00030508 2.195095
0.00030521 2.198351
0.00030534 2.201606
0.00030547 2.204861
0.00030560 2.208116
0.00030573 2.211372
0.00030586 2.214627
0.00030599 2.217882
0.00030612 2.221137
0.00030625 2.224392
0.00030638 2.227648
0.00030651 2.230903
0.00030664 2.234158
0.00030677 2.237413
0.00030690 2.240668
0.00030703 2.243924
0.00030716 2.247179
0.00030729 2.250434
0.00030742 2.253689
0.00030755 2.256944
0.00030768 2.260200
0.00030781 2.263455
0.00030794 2.266710
0.00030807 2.269965
0.00030820 2.273220
0.00030833 2.276476
0.00030846 2.279731
0.00030859 2.282986
0.00030872 2.286241
0.00030885 2.289497
0.00030898 2.292752
0.00030911 2.296007
0.00030924 2.299262
0.00030938 2.302517
0.00030951 2.305773
0.00030964 2.309028
0.00030977 2.312283
0.00030990 2.315538
0.00031003 2.318793
0.00031016 2.322049
0.00031029 2.325304
0.00031042 2.328559
0.00031055 2.331814
0.00031068 2.335069
0.00031081 2.338325
0.00031094 2.341580
0.00031107 2.344835
0.00031120 2.348090
0.00031133 2.351345
0.00031146 2.354601
0.00031159 2.357856
0.00031172 2.361111
0.00031185 2.364366
0.00031198 2.367622
0.00031211 2.370877
0.00031224 2.374132
0.00031237 2.377387
0.00031250 2.380642
0.00031263 2.383898
0.00031276 2.387153
0.00031289 2.390408
0.00031302 2.393663
0.00031315 2.396918
0.00031328 2.400174
0.00031341 2.403429
0.00031354 2.406684
0.00031367 2.409939
0.00031380 2.413194
0.00031393 2.416450
0.00031406 2.419705
0.00031419 2.422960
0.00031432 2.426215
0.00031445 2.429470
0.00031458 2.432726
0.00031471 2.435981
0.00031484 2.439236
0.00031497 2.442491
0.00031510 2.445747
0.00031523 2.449002
0.00031536 2.452257
0.00031549 2.455512
0.00031563 2.458767
0.00031576 2.462023
0.00031589 2.465278
0.00031602 2.468533
0.00031615 2.471788
0.00031628 2.475043
0.00031641 2.478299
0.00031654 2.481554
0.00031667 2.484809
0.00031680 2.488064
0.00031693 2.491319
0.00031706 2.494575
0.00031719 2.497830
0.00033477 2.100694
0.00033490 2.103950
0.00033503 2.107205
0.00033516 2.110460
0.00033529 2.113715
0.00033542 2.116970
0.00033555 2.120226
0.00033568 2.123481
0.00033581 2.126736
0.00033594 2.129991
0.00033607 2.133247
0.00033620 2.136502
0.00033633 2.139757
0.00033646 2.143012
0.00033659 2.146267
0.00033672 2.149523
0.00033685 2.152778
0.00033698 2.156033
0.00033711 2.159288
0.00033724 2.162543
0.00033737 2.165799
0.00033750 2.169054
0.00033763 2.172309
0.00033776 2.175564
0.00033789 2.178819
0.00033802 2.182075
0.00033815 2.185330
0.00033828 2.188585
0.00033841 2.191840
0.00033854 2.195095
0.00033867 2.198351
0.00033880 2.201606
0.00033893 2.204861
0.00033906 2.208116
0.00033919 2.211372
0.00033932 2.214627
0.00033945 2.217882
0.00033958 2.221137
0.00033971 2.224392
0.00033984 2.227648
0.00033997 2.230903
0.00034010 2.234158
0.00034023 2.237413
0.00034036 2.240668
0.00034049 2.243924
0.00034063 2.247179
0.00034076 2.250434
0.00034089 2.253689
0.00034102 2.256944
0.00034115 2.260200
0.00034128 2.263455
0.00034141 2.266710
0.00034154 2.269965
0.00034167 2.273220
0.00034180 2.276476
0.00034193 2.279731
0.00034206 2.282986
0.00034219 2.286241
0.00034232 2.289497
0.00034245 2.292752
0.00034258 2.296007
0.00034271 2.299262
0.00034284 2.302517
0.00034297 2.305773
0.00034310 2.309028
0.00034323 2.312283
0.00034336 2.315538
0.00034349 2.318793
0.00034362 2.322049
0.00034375 2.325304
0.00034388 2.328559
0.00034401 2.331814
0.00034414 2.335069
0.00034427 2.338325
0.00034440 2.341580
0.00034453 2.344835
0.00034466 2.348090
0.00034479 2.351345
0.00034492 2.354601
0.00034505 2.357856
0.00034518 2.361111
0.00034531 2.364366
0.00034544 2.367622
0.00034557 2.370877
0.00034570 2.374132
0.00034583 2.377387
0.00034596 2.380642
0.00034609 2.383898
0.00034622 2.387153
0.00034635 2.390408
0.00034648 2.393663
0.00034661 2.396918
0.00034674 2.400174
0.00034687 2.403429
0.00034701 2.406684
0.00034714 2.409939
0.00034727 2.413194
0.00034740 2.416450
0.00034753 2.419705
0.00034766 2.422960
0.00034779 2.426215
0.00034792 2.429470
0.00034805 2.432726
0.00034818 2.435981
0.00034831 2.439236
0.00034844 2.442491
0.00034857 2.445747
0.00034870 2.449002
0.00034883 2.452257
0.00034896 2.455512
0.00034909 2.458767
0.00034922 2.462023
0.00034935 2.465278
0.00034948 2.468533
0.00034961 2.471788
0.00034974 2.475043
0.00034987 2.478299
0.00035000 2.481554
0.00035013 2.484809
0.00035026 2.488064
0.00035039 2.491319
0.00035052 2.494575
0.00035065 2.497830
0.00036823 2.100694
0.00036836 2.103950
0.00036849 2.107205
0.00036862 2.110460
0.00036875 2.113715
0.00036888 2.116970
0.00036901 2.120226
0.00036914 2.123481
0.00036927 2.126736
0.00036940 2.129991
0.00036953 2.133247
0.00036966 2.136502
0.00036979 2.139757
0.00036992 2.143012
0.00037005 2.146267
0.00037018 2.149523
0.00037031 2.152778
0.00037044 2.156033
0.00037057 2.159288
0.00037070 2.162543
0.00037083 2.165799
0.00037096 2.169054
0.00037109 2.172309
0.00037122 2.175564
0.00037135 2.178819
0.00037148 2.182075
0.00037161 2.185330
0.00037174 2.188585
0.00037187 2.191840
0.00037201 2.195095
0.00037214 2.198351
0.00037227 2.201606
0.00037240 2.204861
0.00037253 2.208116
0.00037266 2.211372
0.00037279 2.214627
0.00037292 2.217882
0.00037305 2.221137
0.00037318 2.224392
0.00037331 2.227648
0.00037344 2.230903
0.00037357 2.234158
0.00037370 2.237413
0.00037383 2.240668
0.00037396 2.243924
0.00037409 2.247179
0.00037422 2.250434
0.00037435 2.253689
0.00037448 2.256944
0.00037461 2.260200
0.00037474 2.263455
0.00037487 2.266710
0.00037500 2.269965
0.00037513 2.273220
0.00037526 2.276476
0.00037539 2.279731
0.00037552 2.282986
0.00037565 2.286241
0.00037578 2.289497
0.00037591 2.292752
0.00037604 2.296007
0.00037617 2.299262
0.00037630 2.302517
0.00037643 2.305773
0.00037656 2.309028
0.00037669 2.312283
0.00037682 2.315538
0.00037695 2.318793
0.00037708 2.322049
0.00037721 2.325304
0.00037734 2.328559
0.00037747 2.331814
0.00037760 2.335069
0.00037773 2.338325
0.00037786 2.341580
0.00037799 2.344835
0.00037812 2.348090
0.00037826 2.351345
0.00037839 2.354601
0.00037852 2.357856
0.00037865 2.361111
0.00037878 2.364366
0.00037891 2.367622
0.00037904 2.370877
0.00037917 2.374132
0.00037930 2.377387
0.00037943 2.380642
0.00037956 2.383898
0.00037969 2.387153
0.00037982 2.390408
0.00037995 2.393663
0.00038008 2.396918
0.00038021 2.400174
0.00038034 2.403429
0.00038047 2.406684
0.00038060 2.409939
0.00038073 2.413194
0.00038086 2.416450
0.00038099 2.419705
0.00038112 2.422960
0.00038125 2.426215
0.00038138 2.429470
0.00038151 2.432726
0.00038164 2.435981
0.00038177 2.439236
0.00038190 2.442491
0.00038203 2.445747
0.00038216 2.449002
0.00038229 2.452257
0.00038242 2.455512
0.00038255 2.458767
0.00038268 2.462023
0.00038281 2.465278
0.00038294 2.468533
0.00038307 2.471788
0.00038320 2.475043
0.00038333 2.478299
0.00038346 2.481554
0.00038359 2.484809
0.00038372 2.488064
0.00038385 2.491319
0.00038398 2.494575
0.00038411 2.497830
0.00040169 2.100694
0.00040182 2.103950
0.00040195 2.107205
0.00040208 2.110460
0.00040221 2.113715
0.00040234 2.116970
0.00040247 2.120226
0.00040260 2.123481
0.00040273 2.126736
0.00040286 2.129991
0.00040299 2.133247
0.00040312 2.136502
0.00040326 2.139757
0.00040339 2.143012
0.00040352 2.146267
0.00040365 2.149523
0.00040378 2.152778
0.00040391 2.156033
0.00040404 2.159288
0.00040417 2.162543
0.00040430 2.165799
0.00040443 2.169054
0.00040456 2.172309
0.00040469 2.175564
0.00040482 2.178819
0.00040495 2.182075
0.00040508 2.185330
0.00040521 2.188585
0.00040534 2.191840
0.00040547 2.195095
0.00040560 2.198351
0.00040573 2.201606
0.00040586 2.204861
0.00040599 2.208116
0.00040612 2.211372
0.00040625 2.214627
0.00040638 2.217882
0.00040651 2.221137
0.00040664 2.224392
0.00040677 2.227648
0.00040690 2.230903
0.00040703 2.234158
0.00040716 2.237413
0.00040729 2.240668
0.00040742 2.243924
0.00040755 2.247179
0.00040768 2.250434
0.00040781 2.253689
0.00040794 2.256944
0.00040807 2.260200
0.00040820 2.263455
0.00040833 2.266710
0.00040846 2.269965
0.00040859 2.273220
0.00040872 2.276476
0.00040885 2.279731
0.00040898 2.282986
0.00040911 2.286241
0.00040924 2.289497
0.00040937 2.292752
0.00040951 2.296007
0.00040964 2.299262
0.00040977 2.302517
0.00040990 2.305773
0.00041003 2.309028
0.00041016 2.312283
0.00041029 2.315538
0.00041042 2.318793
0.00041055 2.322049
0.00041068 2.325304
0.00041081 2.328559
0.00041094 2.331814
0.00041107 2.335069
0.00041120 2.338325
0.00041133 2.341580
0.00041146 2.344835
0.00041159 2.348090
0.00041172 2.351345
0.00041185 2.354601
0.00041198 2.357856
0.00041211 2.361111
0.00041224 2.364366
0.00041237 2.367622
0.00041250 2.370877
0.00041263 2.374132
0.00041276 2.377387
0.00041289 2.380642
0.00041302 2.383898
0.00041315 2.387153
0.00041328 2.390408
0.00041341 2.393663
0.00041354 2.396918
0.00041367 2.400174
0.00041380 2.403429
0.00041393 2.406684
0.00041406 2.409939
0.00041419 2.413194
0.00041432 2.416450
0.00041445 2.419705
0.00041458 2.422960
0.00041471 2.426215
0.00041484 2.429470
0.00041497 2.432726
0.00041510 2.435981
0.00041523 2.439236
0.00041536 2.442491
0.00041549 2.445747
0.00041562 2.449002
0.00041576 2.452257
0.00041589 2.455512
0.00041602 2.458767
0.00041615 2.462023
0.00041628 2.465278
0.00041641 2.468533
0.00041654 2.471788
0.00041667 2.475043
0.00041680 2.478299
0.00041693 2.481554
0.00041706 2.484809
0.00041719 2.488064
0.00041732 2.491319
0.00041745 2.494575
0.00041758 2.497830
0.00043516 2.100694
0.00043529 2.103950
0.00043542 2.107205
0.00043555 2.110460
0.00043568 2.113715
0.00043581 2.116970
0.00043594 2.120226
0.00043607 2.123481
0.00043620 2.126736
0.00043633 2.129991
0.00043646 2.133247
0.00043659 2.136502
0.00043672 2.139757
0.00043685 2.143012
0.00043698 2.146267
0.00043711 2.149523
0.00043724 2.152778
0.00043737 2.156033
0.00043750 2.159288
0.00043763 2.162543
0.00043776 2.165799
0.00043789 2.169054
0.00043802 2.172309
0.00043815 2.175564
0.00043828 2.178819
0.00043841 2.182075
0.00043854 2.185330
0.00043867 2.188585
0.00043880 2.191840
0.00043893 2.195095
0.00043906 2.198351
0.00043919 2.201606
0.00043932 2.204861
0.00043945 2.208116
0.00043958 2.211372
0.00043971 2.214627
0.00043984 2.217882
0.00043997 2.221137
0.00044010 2.224392
0.00044023 2.227648
0.00044036 2.230903
0.00044049 2.234158
0.00044062 2.237413
0.00044076 2.240668
0.00044089 2.243924
0.00044102 2.247179
0.00044115 2.250434
0.00044128 2.253689
0.00044141 2.256944
0.00044154 2.260200
0.00044167 2.263455
0.00044180 2.266710
0.00044193 2.269965
0.00044206 2.273220
0.00044219 2.276476
0.00044232 2.279731
0.00044245 2.282986
0.00044258 2.286241
0.00044271 2.289497
0.00044284 2.292752
0.00044297 2.296007
0.00044310 2.299262
0.00044323 2.302517
0.00044336 2.305773
0.00044349 2.309028
0.00044362 2.312283
0.00044375 2.315538
0.00044388 2.318793
0.00044401 2.322049
0.00044414 2.325304
0.00044427 2.328559
0.00044440 2.331814
0.00044453 2.335069
0.00044466 2.338325
0.00044479 2.341580
0.00044492 2.344835
0.00044505 2.348090
0.00044518 2.351345
0.00044531 2.354601
0.00044544 2.357856
0.00044557 2.361111
0.00044570 2.364366
0.00044583 2.367622
0.00044596 2.370877
0.00044609 2.374132
0.00044622 2.377387
0.00044635 2.380642
0.00044648 2.383898
0.00044661 2.387153
0.00044674 2.390408
0.00044687 2.393663
0.00044701 2.396918
0.00044714 2.400174
0.00044727 2.403429
0.00044740 2.406684
0.00044753 2.409939
0.00044766 2.413194
0.00044779 2.416450
0.00044792 2.419705
0.00044805 2.422960
0.00044818 2.426215
0.00044831 2.429470
0.00044844 2.432726
0.00044857 2.435981
0.00044870 2.439236
0.00044883 2.442491
0.00044896 2.445747
0.00044909 2.449002
0.00044922 2.452257
0.00044935 2.455512
0.00044948 2.458767
0.00044961 2.462023
0.00044974 2.465278
0.00044987 2.468533
0.00045000 2.471788
0.00045013 2.475043
0.00045026 2.478299
0.00045039 2.481554
0.00045052 2.484809
0.00045065 2.488064
0.00045078 2.491319
0.00045091 2.494575
0.00045104 2.497830
0.00046862 2.100694
0.00046875 2.103950
0.00046888 2.107205
0.00046901 2.110460
0.00046914 2.113715
0.00046927 2.116970
0.00046940 2.120226
0.00046953 2.123481
0.00046966 2.126736
0.00046979 2.129991
0.00046992 2.133247
0.00047005 2.136502
0.00047018 2.139757
0.00047031 2.143012
0.00047044 2.146267
0.00047057 2.149523
0.00047070 2.152778
0.00047083 2.156033
0.00047096 2.159288
0.00047109 2.162543
0.00047122 2.165799
0.00047135 2.169054
0.00047148 2.172309
0.00047161 2.175564
0.00047174 2.178819
0.00047187 2.182075
0.00047201 2.185330
0.00047214 2.188585
0.00047227 2.191840
0.00047240 2.195095
0.00047253 2.198351
0.00047266 2.201606
0.00047279 2.204861
0.00047292 2.208116
0.00047305 2.211372
0.00047318 2.214627
0.00047331 2.217882
0.00047344 2.221137
0.00047357 2.224392
0.00047370 2.227648
0.00047383 2.230903
0.00047396 2.234158
0.00047409 2.237413
0.00047422 2.240668
0.00047435 2.243924
0.00047448 2.247179
0.00047461 2.250434
0.00047474 2.253689
0.00047487 2.256944
0.00047500 2.260200
0.00047513 2.263455
0.00047526 2.266710
0.00047539 2.269965
0.00047552 2.273220
0.00047565 2.276476
0.00047578 2.279731
0.00047591 2.282986
0.00047604 2.286241
0.00047617 2.289497
0.00047630 2.292752
0.00047643 2.296007
0.00047656 2.299262
0.00047669 2.302517
0.00047682 2.305773
0.00047695 2.309028
0.00047708 2.312283
0.00047721 2.315538
0.00047734 2.318793
0.00047747 2.322049
0.00047760 2.325304
0.00047773 2.328559
0.00047786 2.331814
0.00047799 2.335069
0.00047812 2.338325
0.00047826 2.341580
0.00047839 2.344835
0.00047852 2.348090
0.00047865 2.351345
0.00047878 2.354601
0.00047891 2.357856
0.00047904 2.361111
0.00047917 2.364366
0.00047930 2.367622
0.00047943 2.370877
0.00047956 2.374132
0.00047969 2.377387
0.00047982 2.380642
0.00047995 2.383898
0.00048008 2.387153
0.00048021 2.390408
0.00048034 2.393663
0.00048047 2.396918
0.00048060 2.400174
0.00048073 2.403429
0.00048086 2.406684
0.00048099 2.409939
0.00048112 2.413194
0.00048125 2.416450
0.00048138 2.419705
0.00048151 2.422960
0.00048164 2.426215
0.00048177 2.429470
0.00048190 2.432726
0.00048203 2.435981
0.00048216 2.439236
0.00048229 2.442491
0.00048242 2.445747
0.00048255 2.449002
0.00048268 2.452257
0.00048281 2.455512
0.00048294 2.458767
0.00048307 2.462023
0.00048320 2.465278
0.00048333 2.468533
0.00048346 2.471788
0.00048359 2.475043
0.00048372 2.478299
0.00048385 2.481554
0.00048398 2.484809
0.00048411 2.488064
0.00048424 2.491319
0.00048437 2.494575
0.00048451 2.497830
0.00050208 2.100694
0.00050221 2.103950
0.00050234 2.107205
0.00050247 2.110460
0.00050260 2.113715
0.00050273 2.116970
0.00050286 2.120226
0.00050299 2.123481
0.00050312 2.126736
0.00050326 2.129991
0.00050339 2.133247
0.00050352 2.136502
0.00050365 2.139757
0.00050378 2.143012
0.00050391 2.146267
0.00050404 2.149523
0.00050417 2.152778
0.00050430 2.156033
0.00050443 2.159288
0.00050456 2.162543
0.00050469 2.165799
0.00050482 2.169054
0.00050495 2.172309
0.00050508 2.175564
0.00050521 2.178819
0.00050534 2.182075
0.00050547 2.185330
0.00050560 2.188585
0.00050573 2.191840
0.00050586 2.195095
0.00050599 2.198351
0.00050612 2.201606
0.00050625 2.204861
0.00050638 2.208116
0.00050651 2.211372
0.00050664 2.214627
0.00050677 2.217882
0.00050690 2.221137
0.00050703 2.224392
0.00050716 2.227648
0.00050729 2.230903
0.00050742 2.234158
0.00050755 2.237413
0.00050768 2.240668
0.00050781 2.243924
0.00050794 2.247179
0.00050807 2.250434
0.00050820 2.253689
0.00050833 2.256944
0.00050846 2.260200
0.00050859 2.263455
0.00050872 2.266710
0.00050885 2.269965
0.00050898 2.273220
0.00050911 2.276476
0.00050924 2.279731
0.00050937 2.282986
0.00050951 2.286241
0.00050964 2.289497
0.00050977 2.292752
0.00050990 2.296007
0.00051003 2.299262
0.00051016 2.302517
0.00051029 2.305773
0.00051042 2.309028
0.00051055 2.312283
0.00051068 2.315538
0.00051081 2.318793
0.00051094 2.322049
0.00051107 2.325304
0.00051120 2.328559
0.00051133 2.331814
0.00051146 2.335069
0.00051159 2.338325
0.00051172 2.341580
0.00051185 2.344835
0.00051198 2.348090
0.00051211 2.351345
0.00051224 2.354601
0.00051237 2.357856
0.00051250 2.361111
0.00051263 2.364366
0.00051276 2.367622
0.00051289 2.370877
0.00051302 2.374132
0.00051315 2.377387
0.00051328 2.380642
0.00051341 2.383898
0.00051354 2.387153
0.00051367 2.390408
0.00051380 2.393663
0.00051393 2.396918
0.00051406 2.400174
0.00051419 2.403429
0.00051432 2.406684
0.00051445 2.409939
0.00051458 2.413194
0.00051471 2.416450
0.00051484 2.419705
0.00051497 2.422960
0.00051510 2.426215
0.00051523 2.429470
0.00051536 2.432726
0.00051549 2.435981
0.00051562 2.439236
0.00051576 2.442491
0.00051589 2.445747
0.00051602 2.449002
0.00051615 2.452257
0.00051628 2.455512
0.00051641 2.458767
0.00051654 2.462023
0.00051667 2.465278
0.00051680 2.468533
0.00051693 2.471788
0.00051706 2.475043
0.00051719 2.478299
0.00051732 2.481554
0.00051745 2.484809
0.00051758 2.488064
0.00051771 2.491319
0.00051784 2.494575
0.00051797 2.497830
0.00053555 2.100694
0.00053568 2.103950
0.00053581 2.107205
0.00053594 2.110460
0.00053607 2.113715
0.00053620 2.116970
0.00053633 2.120226
0.00053646 2.123481
0.00053659 2.126736
0.00053672 2.129991
0.00053685 2.133247
0.00053698 2.136502
0.00053711 2.139757
0.00053724 2.143012
0.00053737 2.146267
0.00053750 2.149523
0.00053763 2.152778
0.00053776 2.156033
0.00053789 2.159288
0.00053802 2.162543
0.00053815 2.165799
0.00053828 2.169054
0.00053841 2.172309
0.00053854 2.175564
0.00053867 2.178819
0.00053880 2.182075
0.00053893 2.185330
0.00053906 2.188585
0.00053919 2.191840
0.00053932 2.195095
0.00053945 2.198351
0.00053958 2.201606
0.00053971 2.204861
0.00053984 2.208116
0.00053997 2.211372
0.00054010 2.214627
0.00054023 2.217882
0.00054036 2.221137
0.00054049 2.224392
0.00054062 2.227648
0.00054076 2.230903
0.00054089 2.234158
0.00054102 2.237413
0.00054115 2.240668
0.00054128 2.243924
0.00054141 2.247179
0.00054154 2.250434
0.00054167 2.253689
0.00054180 2.256944
0.00054193 2.260200
0.00054206 2.263455
0.00054219 2.266710
0.00054232 2.269965
0.00054245 2.273220
0.00054258 2.276476
0.00054271 2.279731
0.00054284 2.282986
0.00054297 2.286241
0.00054310 2.289497
0.00054323 2.292752
0.00054336 2.296007
0.00054349 2.299262
0.00054362 2.302517
0.00054375 2.305773
0.00054388 2.309028
0.00054401 2.312283
0.00054414 2.315538
0.00054427 2.318793
0.00054440 2.322049
0.00054453 2.325304
0.00054466 2.328559
0.00054479 2.331814
0.00054492 2.335069
0.00054505 2.338325
0.00054518 2.341580
0.00054531 2.344835
0.00054544 2.348090
0.00054557 2.351345
0.00054570 2.354601
0.00054583 2.357856
0.00054596 2.361111
0.00054609 2.364366
0.00054622 2.367622
0.00054635 2.370877
0.00054648 2.374132
0.00054661 2.377387
0.00054674 2.380642
0.00054687 2.383898
0.00054701 2.387153
0.00054714 2.390408
0.00054727 2.393663
0.00054740 2.396918
0.00054753 2.400174
0.00054766 2.403429
0.00054779 2.406684
0.00054792 2.409939
0.00054805 2.413194
0.00054818 2.416450
0.00054831 2.419705
0.00054844 2.422960
0.00054857 2.426215
0.00054870 2.429470
0.00054883 2.432726
0.00054896 2.435981
0.00054909 2.439236
0.00054922 2.442491
0.00054935 2.445747
0.00054948 2.449002
0.00054961 2.452257
0.00054974 2.455512
0.00054987 2.458767
0.00055000 2.462023
0.00055013 2.465278
0.00055026 2.468533
0.00055039 2.471788
0.00055052 2.475043
0.00055065 2.478299
0.00055078 2.481554
0.00055091 2.484809
0.00055104 2.488064
0.00055117 2.491319
0.00055130 2.494575
0.00055143 2.497830
0.00056901 2.100694
0.00056914 2.103950
0.00056927 2.107205
0.00056940 2.110460
0.00056953 2.113715
0.00056966 2.116970
0.00056979 2.120226
0.00056992 2.123481
0.00057005 2.126736
0.00057018 2.129991
0.00057031 2.133247
0.00057044 2.136502
0.00057057 2.139757
0.00057070 2.143012
0.00057083 2.146267
0.00057096 2.149523
0.00057109 2.152778
0.00057122 2.156033
0.00057135 2.159288
0.00057148 2.162543
0.00057161 2.165799
0.00057174 2.169054
0.00057187 2.172309
0.00057201 2.175564
0.00057214 2.178819
0.00057227 2.182075
0.00057240 2.185330
0.00057253 2.188585
0.00057266 2.191840
0.00057279 2.195095
0.00057292 2.198351
0.00057305 2.201606
0.00057318 2.204861
0.00057331 2.208116
0.00057344 2.211372
0.00057357 2.214627
0.00057370 2.217882
0.00057383 2.221137
0.00057396 2.224392
0.00057409 2.227648
0.00057422 2.230903
0.00057435 2.234158
0.00057448 2.237413
0.00057461 2.240668
0.00057474 2.243924
0.00057487 2.247179
0.00057500 2.250434
0.00057513 2.253689
0.00057526 2.256944
0.00057539 2.260200
0.00057552 2.263455
0.00057565 2.266710
0.00057578 2.269965
0.00057591 2.273220
0.00057604 2.276476
0.00057617 2.279731
0.00057630 2.282986
0.00057643 2.286241
0.00057656 2.289497
0.00057669 2.292752
0.00057682 2.296007
0.00057695 2.299262
0.00057708 2.302517
0.00057721 2.305773
0.00057734 2.309028
0.00057747 2.312283
0.00057760 2.315538
0.00057773 2.318793
0.00057786 2.322049
0.00057799 2.325304
0.00057812 2.328559
0.00057826 2.331814
0.00057839 2.335069
0.00057852 2.338325
0.00057865 2.341580
0.00057878 2.344835
0.00057891 2.348090
0.00057904 2.351345
0.00057917 2.354601
0.00057930 2.357856
0.00057943 2.361111
0.00057956 2.364366
0.00057969 2.367622
0.00057982 2.370877
0.00057995 2.374132
0.00058008 2.377387
0.00058021 2.380642
0.00058034 2.383898
0.00058047 2.387153
0.00058060 2.390408
0.00058073 2.393663
0.00058086 2.396918
0.00058099 2.400174
0.00058112 2.403429
0.00058125 2.406684
0.00058138 2.409939
0.00058151 2.413194
0.00058164 2.416450
0.00058177 2.419705
0.00058190 2.422960
0.00058203 2.426215
0.00058216 2.429470
0.00058229 2.432726
0.00058242 2.435981
0.00058255 2.439236
0.00058268 2.442491
0.00058281 2.445747
0.00058294 2.449002
0.00058307 2.452257
0.00058320 2.455512
0.00058333 2.458767
0.00058346 2.462023
0.00058359 2.465278
0.00058372 2.468533
0.00058385 2.471788
0.00058398 2.475043
0.00058411 2.478299
0.00058424 2.481554
0.00058437 2.484809
0.00058451 2.488064
0.00058464 2.491319
0.00058477 2.494575
0.00058490 2.497830
0.00060247 2.100694
0.00060260 2.103950
0.00060273 2.107205
0.00060286 2.110460
0.00060299 2.113715
0.00060312 2.116970
0.00060326 2.120226
0.00060339 2.123481
0.00060352 2.126736
0.00060365 2.129991
0.00060378 2.133247
0.00060391 2.136502
0.00060404 2.139757
0.00060417 2.143012
0.00060430 2.146267
0.00060443 2.149523
0.00060456 2.152778
0.00060469 2.156033
0.00060482 2.159288
0.00060495 2.162543
0.00060508 2.165799
0.00060521 2.169054
0.00060534 2.172309
0.00060547 2.175564
0.00060560 2.178819
0.00060573 2.182075
0.00060586 2.185330
0.00060599 2.188585
0.00060612 2.191840
0.00060625 2.195095
0.00060638 2.198351
0.00060651 2.201606
0.00060664 2.204861
0.00060677 2.208116
0.00060690 2.211372
0.00060703 2.214627
0.00060716 2.217882
0.00060729 2.221137
0.00060742 2.224392
0.00060755 2.227648
0.00060768 2.230903
0.00060781 2.234158
0.00060794 2.237413
0.00060807 2.240668
0.00060820 2.243924
0.00060833 2.247179
0.00060846 2.250434
0.00060859 2.253689
0.00060872 2.256944
0.00060885 2.260200
0.00060898 2.263455
0.00060911 2.266710
0.00060924 2.269965
0.00060937 2.273220
0.00060951 2.276476
0.00060964 2.279731
0.00060977 2.282986
0.00060990 2.286241
0.00061003 2.289497
0.00061016 2.292752
0.00061029 2.296007
0.00061042 2.299262
0.00061055 2.302517
0.00061068 2.305773
0.00061081 2.309028
0.00061094 2.312283
0.00061107 2.315538
0.00061120 2.318793
0.00061133 2.322049
0.00061146 2.325304
0.00061159 2.328559
0.00061172 2.331814
0.00061185 2.335069
0.00061198 2.338325
0.00061211 2.341580
0.00061224 2.344835
0.00061237 2.348090
0.00061250 2.351345
0.00061263 2.354601
0.00061276 2.357856
0.00061289 2.361111
0.00061302 2.364366
0.00061315 2.367622
0.00061328 2.370877
0.00061341 2.374132
0.00061354 2.377387
0.00061367 2.380642
0.00061380 2.383898
0.00061393 2.387153
0.00061406 2.390408
0.00061419 2.393663
0.00061432 2.396918
0.00061445 2.400174
0.00061458 2.403429
0.00061471 2.406684
0.00061484 2.409939
0.00061497 2.413194
0.00061510 2.416450
0.00061523 2.419705
0.00061536 2.422960
0.00061549 2.426215
0.00061562 2.429470
0.00061576 2.432726
0.00061589 2.435981
0.00061602 2.439236
0.00061615 2.442491
0.00061628 2.445747
0.00061641 2.449002
0.00061654 2.452257
0.00061667 2.455512
0.00061680 2.458767
0.00061693 2.462023
0.00061706 2.465278
0.00061719 2.468533
0.00061732 2.471788
0.00061745 2.475043
0.00061758 2.478299
0.00061771 2.481554
0.00061784 2.484809
0.00061797 2.488064
0.00061810 2.491319
0.00061823 2.494575
0.00061836 2.497830
0.00063594 2.100694
0.00063607 2.103950
0.00063620 2.107205
0.00063633 2.110460
0.00063646 2.113715
0.00063659 2.116970
0.00063672 2.120226
0.00063685 2.123481
0.00063698 2.126736
0.00063711 2.129991
0.00063724 2.133247
0.00063737 2.136502
0.00063750 2.139757
0.00063763 2.143012
0.00063776 2.146267
0.00063789 2.149523
0.00063802 2.152778
0.00063815 2.156033
0.00063828 2.159288
0.00063841 2.162543
0.00063854 2.165799
0.00063867 2.169054
0.00063880 2.172309
0.00063893 2.175564
0.00063906 2.178819
0.00063919 2.182075
0.00063932 2.185330
0.00063945 2.188585
0.00063958 2.191840
0.00063971 2.195095
0.00063984 2.198351
0.00063997 2.201606
0.00064010 2.204861
0.00064023 2.208116
0.00064036 2.211372
0.00064049 2.214627
0.00064062 2.217882
0.00064076 2.221137
0.00064089 2.224392
0.00064102 2.227648
0.00064115 2.230903
0.00064128 2.234158
0.00064141 2.237413
0.00064154 2.240668
0.00064167 2.243924
0.00064180 2.247179
0.00064193 2.250434
0.00064206 2.253689
0.00064219 2.256944
0.00064232 2.260200
0.00064245 2.263455
0.00064258 2.266710
0.00064271 2.269965
0.00064284 2.273220
0.00064297 2.276476
0.00064310 2.279731
0.00064323 2.282986
0.00064336 2.286241
0.00064349 2.289497
0.00064362 2.292752
0.00064375 2.296007
0.00064388 2.299262
0.00064401 2.302517
0.00064414 2.305773
0.00064427 2.309028
0.00064440 2.312283
0.00064453 2.315538
0.00064466 2.318793
0.00064479 2.322049
0.00064492 2.325304
0.00064505 2.328559
0.00064518 2.331814
0.00064531 2.335069
0.00064544 2.338325
0.00064557 2.341580
0.00064570 2.344835
0.00064583 2.348090
0.00064596 2.351345
0.00064609 2.354601
0.00064622 2.357856
0.00064635 2.361111
0.00064648 2.364366
0.00064661 2.367622
0.00064674 2.370877
0.00064687 2.374132
0.00064701 2.377387
0.00064714 2.380642
0.00064727 2.383898
0.00064740 2.387153
0.00064753 2.390408
0.00064766 2.393663
0.00064779 2.396918
0.00064792 2.400174
0.00064805 2.403429
0.00064818 2.406684
0.00064831 2.409939
0.00064844 2.413194
0.00064857 2.416450
0.00064870 2.419705
0.00064883 2.422960
0.00064896 2.426215
0.00064909 2.429470
0.00064922 2.432726
0.00064935 2.435981
0.00064948 2.439236
0.00064961 2.442491
0.00064974 2.445747
0.00064987 2.449002
0.00065000 2.452257
0.00065013 2.455512
0.00065026 2.458767
0.00065039 2.462023
0.00065052 2.465278
0.00065065 2.468533
0.00065078 2.471788
0.00065091 2.475043
0.00065104 2.478299
0.00065117 2.481554
0.00065130 2.484809
0.00065143 2.488064
0.00065156 2.491319
0.00065169 2.494575
0.00065182 2.497830
0.00066940 2.100694
0.00066953 2.103950
0.00066966 2.107205
0.00066979 2.110460
0.00066992 2.113715
0.00067005 2.116970
0.00067018 2.120226
0.00067031 2.123481
0.00067044 2.126736
0.00067057 2.129991
0.00067070 2.133247
0.00067083 2.136502
0.00067096 2.139757
0.00067109 2.143012
0.00067122 2.146267
0.00067135 2.149523
0.00067148 2.152778
0.00067161 2.156033
0.00067174 2.159288
0.00067187 2.162543
0.00067201 2.165799
0.00067214 2.169054
0.00067227 2.172309
0.00067240 2.175564
0.00067253 2.178819
0.00067266 2.182075
0.00067279 2.185330
0.00067292 2.188585
0.00067305 2.191840
0.00067318 2.195095
0.00067331 2.198351
0.00067344 2.201606
0.00067357 2.204861
0.00067370 2.208116
0.00067383 2.211372
0.00067396 2.214627
0.00067409 2.217882
0.00067422 2.221137
0.00067435 2.224392
0.00067448 2.227648
0.00067461 2.230903
0.00067474 2.234158
0.00067487 2.237413
0.00067500 2.240668
0.00067513 2.243924
0.00067526 2.247179
0.00067539 2.250434
0.00067552 2.253689
0.00067565 2.256944
0.00067578 2.260200
0.00067591 2.263455
0.00067604 2.266710
0.00067617 2.269965
0.00067630 2.273220
0.00067643 2.276476
0.00067656 2.279731
0.00067669 2.282986
0.00067682 2.286241
0.00067695 2.289497
0.00067708 2.292752
0.00067721 2.296007
0.00067734 2.299262
0.00067747 2.302517
0.00067760 2.305773
0.00067773 2.309028
0.00067786 2.312283
0.00067799 2.315538
0.00067812 2.318793
0.00067826 2.322049
0.00067839 2.325304
0.00067852 2.328559
0.00067865 2.331814
0.00067878 2.335069
0.00067891 2.338325
0.00067904 2.341580
0.00067917 2.344835
0.00067930 2.348090
0.00067943 2.351345
0.00067956 2.354601
0.00067969 2.357856
0.00067982 2.361111
0.00067995 2.364366
0.00068008 2.367622
0.00068021 2.370877
0.00068034 2.374132
0.00068047 2.377387
0.00068060 2.380642
0.00068073 2.383898
0.00068086 2.387153
0.00068099 2.390408
0.00068112 2.393663
0.00068125 2.396918
0.00068138 2.400174
0.00068151 2.403429
0.00068164 2.406684
0.00068177 2.409939
0.00068190 2.413194
0.00068203 2.416450
0.00068216 2.419705
0.00068229 2.422960
0.00068242 2.426215
0.00068255 2.429470
0.00068268 2.432726
0.00068281 2.435981
0.00068294 2.439236
0.00068307 2.442491
0.00068320 2.445747
0.00068333 2.449002
0.00068346 2.452257
0.00068359 2.455512
0.00068372 2.458767
0.00068385 2.462023
0.00068398 2.465278
0.00068411 2.468533
0.00068424 2.471788
0.00068437 2.475043
0.00068451 2.478299
0.00068464 2.481554
0.00068477 2.484809
0.00068490 2.488064
0.00068503 2.491319
0.00068516 2.494575
0.00068529 2.497830
