0.00001615 2.499002
0.00001628 2.496007
0.00001641 2.493012
0.00001654 2.490017
0.00001667 2.487023
0.00001680 2.484028
0.00001693 2.481033
0.00001706 2.478038
0.00001719 2.475043
0.00001732 2.472049
0.00001745 2.469054
0.00001758 2.466059
0.00001771 2.463064
0.00001784 2.460069
0.00001797 2.457075
0.00001810 2.454080
0.00001823 2.451085
0.00001836 2.448090
0.00001849 2.445095
0.00001862 2.442101
0.00001875 2.439106
0.00001888 2.436111
0.00001901 2.433116
0.00001914 2.430122
0.00001927 2.427127
0.00001940 2.424132
0.00001953 2.421137
0.00001966 2.418142
0.00001979 2.415148
0.00001992 2.412153
0.00002005 2.409158
0.00002018 2.406163
0.00002031 2.403168
0.00002044 2.400174
0.00002057 2.397179
0.00002070 2.394184
0.00002083 2.391189
0.00002096 2.388194
0.00002109 2.385200
0.00002122 2.382205
0.00002135 2.379210
0.00002148 2.376215
0.00002161 2.373220
0.00002174 2.370226
0.00002187 2.367231
0.00002201 2.364236
0.00002214 2.361241
0.00002227 2.358247
0.00002240 2.355252
0.00002253 2.352257
0.00002266 2.349262
0.00002279 2.346267
0.00002292 2.343273
0.00002305 2.340278
0.00002318 2.337283
0.00002331 2.334288
0.00002344 2.331293
0.00002357 2.328299
0.00002370 2.325304
0.00002383 2.322309
0.00002396 2.319314
0.00002409 2.316319
0.00002422 2.313325
0.00002435 2.310330
0.00002448 2.307335
0.00002461 2.304340
0.00002474 2.301345
0.00002487 2.298351
0.00002500 2.295356
0.00002513 2.292361
0.00002526 2.289366
0.00002539 2.286372
0.00002552 2.283377
0.00002565 2.280382
0.00002578 2.277387
0.00002591 2.274392
0.00002604 2.271398
0.00002617 2.268403
0.00002630 2.265408
0.00002643 2.262413
0.00002656 2.259418
0.00002669 2.256424
0.00002682 2.253429
0.00002695 2.250434
0.00002708 2.247439
0.00002721 2.244444
0.00002734 2.241450
0.00002747 2.238455
0.00002760 2.235460
0.00002773 2.232465
0.00002786 2.229470
0.00002799 2.226476
0.00002812 2.223481
0.00002826 2.220486
0.00002839 2.217491
0.00002852 2.214497
0.00002865 2.211502
0.00002878 2.208507
0.00002891 2.205512
0.00002904 2.202517
0.00002917 2.199523
0.00002930 2.196528
0.00002943 2.193533
0.00002956 2.190538
0.00002969 2.187543
0.00002982 2.184549
0.00002995 2.181554
0.00003008 2.178559
0.00003021 2.175564
0.00003034 2.172569
0.00003047 2.169575
0.00003060 2.166580
0.00003073 2.163585
0.00003086 2.160590
0.00003099 2.157595
0.00003112 2.154601
0.00003125 2.151606
0.00003138 2.148611
0.00003151 2.145616
0.00003164 2.142622
0.00003177 2.139627
0.00003190 2.136632
0.00003203 2.133637
0.00003216 2.130642
0.00003229 2.127648
0.00003242 2.124653
0.00003255 2.121658
0.00003268 2.118663
0.00003281 2.115668
0.00003294 2.112674
0.00003307 2.109679
0.00003320 2.106684
0.00003333 2.103689
0.00003346 2.100694
0.00004961 2.499002
0.00004974 2.496007
0.00004987 2.493012
0.00005000 2.490017
0.00005013 2.487023
0.00005026 2.484028
0.00005039 2.481033
0.00005052 2.478038
0.00005065 2.475043
0.00005078 2.472049
0.00005091 2.469054
0.00005104 2.466059
0.00005117 2.463064
0.00005130 2.460069
0.00005143 2.457075
0.00005156 2.454080
0.00005169 2.451085
0.00005182 2.448090
0.00005195 2.445095
0.00005208 2.442101
0.00005221 2.439106
0.00005234 2.436111
0.00005247 2.433116
0.00005260 2.430122
0.00005273 2.427127
0.00005286 2.424132
0.00005299 2.421137
0.00005312 2.418142
0.00005326 2.415148
0.00005339 2.412153
0.00005352 2.409158
0.00005365 2.406163
0.00005378 2.403168
0.00005391 2.400174
0.00005404 2.397179
0.00005417 2.394184
0.00005430 2.391189
0.00005443 2.388194
0.00005456 2.385200
0.00005469 2.382205
0.00005482 2.379210
0.00005495 2.376215
0.00005508 2.373220
0.00005521 2.370226
0.00005534 2.367231
0.00005547 2.364236
0.00005560 2.361241
0.00005573 2.358247
0.00005586 2.355252
0.00005599 2.352257
0.00005612 2.349262
0.00005625 2.346267
0.00005638 2.343273
0.00005651 2.340278
0.00005664 2.337283
0.00005677 2.334288
0.00005690 2.331293
0.00005703 2.328299
0.00005716 2.325304
0.00005729 2.322309
0.00005742 2.319314
0.00005755 2.316319
0.00005768 2.313325
0.00005781 2.310330
0.00005794 2.307335
0.00005807 2.304340
0.00005820 2.301345
0.00005833 2.298351
0.00005846 2.295356
0.00005859 2.292361
0.00005872 2.289366
0.00005885 2.286372
0.00005898 2.283377
0.00005911 2.280382
0.00005924 2.277387
0.00005937 2.274392
0.00005951 2.271398
0.00005964 2.268403
0.00005977 2.265408
0.00005990 2.262413
0.00006003 2.259418
0.00006016 2.256424
0.00006029 2.253429
0.00006042 2.250434
0.00006055 2.247439
0.00006068 2.244444
0.00006081 2.241450
0.00006094 2.238455
0.00006107 2.235460
0.00006120 2.232465
0.00006133 2.229470
0.00006146 2.226476
0.00006159 2.223481
0.00006172 2.220486
0.00006185 2.217491
0.00006198 2.214497
0.00006211 2.211502
0.00006224 2.208507
0.00006237 2.205512
0.00006250 2.202517
0.00006263 2.199523
0.00006276 2.196528
0.00006289 2.193533
0.00006302 2.190538
0.00006315 2.187543
0.00006328 2.184549
0.00006341 2.181554
0.00006354 2.178559
0.00006367 2.175564
0.00006380 2.172569
0.00006393 2.169575
0.00006406 2.166580
0.00006419 2.163585
0.00006432 2.160590
0.00006445 2.157595
0.00006458 2.154601
0.00006471 2.151606
0.00006484 2.148611
0.00006497 2.145616
0.00006510 2.142622
0.00006523 2.139627
0.00006536 2.136632
0.00006549 2.133637
0.00006562 2.130642
0.00006576 2.127648
0.00006589 2.124653
0.00006602 2.121658
0.00006615 2.118663
0.00006628 2.115668
0.00006641 2.112674
0.00006654 2.109679
0.00006667 2.106684
0.00006680 2.103689
0.00006693 2.100694
0.00008307 2.499002
0.00008320 2.496007
0.00008333 2.493012
0.00008346 2.490017
0.00008359 2.487023
0.00008372 2.484028
0.00008385 2.481033
0.00008398 2.478038
0.00008411 2.475043
0.00008424 2.472049
0.00008437 2.469054
0.00008451 2.466059
0.00008464 2.463064
0.00008477 2.460069
0.00008490 2.457075
0.00008503 2.454080
0.00008516 2.451085
0.00008529 2.448090
0.00008542 2.445095
0.00008555 2.442101
0.00008568 2.439106
0.00008581 2.436111
0.00008594 2.433116
0.00008607 2.430122
0.00008620 2.427127
0.00008633 2.424132
0.00008646 2.421137
0.00008659 2.418142
0.00008672 2.415148
0.00008685 2.412153
0.00008698 2.409158
0.00008711 2.406163
0.00008724 2.403168
0.00008737 2.400174
0.00008750 2.397179
0.00008763 2.394184
0.00008776 2.391189
0.00008789 2.388194
0.00008802 2.385200
0.00008815 2.382205
0.00008828 2.379210
0.00008841 2.376215
0.00008854 2.373220
0.00008867 2.370226
0.00008880 2.367231
0.00008893 2.364236
0.00008906 2.361241
0.00008919 2.358247
0.00008932 2.355252
0.00008945 2.352257
0.00008958 2.349262
0.00008971 2.346267
0.00008984 2.343273
0.00008997 2.340278
0.00009010 2.337283
0.00009023 2.334288
0.00009036 2.331293
0.00009049 2.328299
0.00009062 2.325304
0.00009076 2.322309
0.00009089 2.319314
0.00009102 2.316319
0.00009115 2.313325
0.00009128 2.310330
0.00009141 2.307335
0.00009154 2.304340
0.00009167 2.301345
0.00009180 2.298351
0.00009193 2.295356
0.00009206 2.292361
0.00009219 2.289366
0.00009232 2.286372
0.00009245 2.283377
0.00009258 2.280382
0.00009271 2.277387
0.00009284 2.274392
0.00009297 2.271398
0.00009310 2.268403
0.00009323 2.265408
0.00009336 2.262413
0.00009349 2.259418
0.00009362 2.256424
0.00009375 2.253429
0.00009388 2.250434
0.00009401 2.247439
0.00009414 2.244444
0.00009427 2.241450
0.00009440 2.238455
0.00009453 2.235460
0.00009466 2.232465
0.00009479 2.229470
0.00009492 2.226476
0.00009505 2.223481
0.00009518 2.220486
0.00009531 2.217491
0.00009544 2.214497
0.00009557 2.211502
0.00009570 2.208507
0.00009583 2.205512
0.00009596 2.202517
0.00009609 2.199523
0.00009622 2.196528
0.00009635 2.193533
0.00009648 2.190538
0.00009661 2.187543
0.00009674 2.184549
0.00009687 2.181554
0.00009701 2.178559
0.00009714 2.175564
0.00009727 2.172569
0.00009740 2.169575
0.00009753 2.166580
0.00009766 2.163585
0.00009779 2.160590
0.00009792 2.157595
0.00009805 2.154601
0.00009818 2.151606
0.00009831 2.148611
0.00009844 2.145616
0.00009857 2.142622
0.00009870 2.139627
0.00009883 2.136632
0.00009896 2.133637
0.00009909 2.130642
0.00009922 2.127648
0.00009935 2.124653
0.00009948 2.121658
0.00009961 2.118663
0.00009974 2.115668
0.00009987 2.112674
0.00010000 2.109679
0.00010013 2.106684
0.00010026 2.103689
0.00010039 2.100694
0.00011654 2.499002
0.00011667 2.496007
0.00011680 2.493012
0.00011693 2.490017
0.00011706 2.487023
0.00011719 2.484028
0.00011732 2.481033
0.00011745 2.478038
0.00011758 2.475043
0.00011771 2.472049
0.00011784 2.469054
0.00011797 2.466059
0.00011810 2.463064
0.00011823 2.460069
0.00011836 2.457075
0.00011849 2.454080
0.00011862 2.451085
0.00011875 2.448090
0.00011888 2.445095
0.00011901 2.442101
0.00011914 2.439106
0.00011927 2.436111
0.00011940 2.433116
0.00011953 2.430122
0.00011966 2.427127
0.00011979 2.424132
0.00011992 2.421137
0.00012005 2.418142
0.00012018 2.415148
0.00012031 2.412153
0.00012044 2.409158
0.00012057 2.406163
0.00012070 2.403168
0.00012083 2.400174
0.00012096 2.397179
0.00012109 2.394184
0.00012122 2.391189
0.00012135 2.388194
0.00012148 2.385200
0.00012161 2.382205
0.00012174 2.379210
0.00012187 2.376215
0.00012201 2.373220
0.00012214 2.370226
0.00012227 2.367231
0.00012240 2.364236
0.00012253 2.361241
0.00012266 2.358247
0.00012279 2.355252
0.00012292 2.352257
0.00012305 2.349262
0.00012318 2.346267
0.00012331 2.343273
0.00012344 2.340278
0.00012357 2.337283
0.00012370 2.334288
0.00012383 2.331293
0.00012396 2.328299
0.00012409 2.325304
0.00012422 2.322309
0.00012435 2.319314
0.00012448 2.316319
0.00012461 2.313325
0.00012474 2.310330
0.00012487 2.307335
0.00012500 2.304340
0.00012513 2.301345
0.00012526 2.298351
0.00012539 2.295356
0.00012552 2.292361
0.00012565 2.289366
0.00012578 2.286372
0.00012591 2.283377
0.00012604 2.280382
0.00012617 2.277387
0.00012630 2.274392
0.00012643 2.271398
0.00012656 2.268403
0.00012669 2.265408
0.00012682 2.262413
0.00012695 2.259418
0.00012708 2.256424
0.00012721 2.253429
0.00012734 2.250434
0.00012747 2.247439
0.00012760 2.244444
0.00012773 2.241450
0.00012786 2.238455
0.00012799 2.235460
0.00012812 2.232465
0.00012826 2.229470
0.00012839 2.226476
0.00012852 2.223481
0.00012865 2.220486
0.00012878 2.217491
0.00012891 2.214497
0.00012904 2.211502
0.00012917 2.208507
0.00012930 2.205512
0.00012943 2.202517
0.00012956 2.199523
0.00012969 2.196528
0.00012982 2.193533
0.00012995 2.190538
0.00013008 2.187543
0.00013021 2.184549
0.00013034 2.181554
0.00013047 2.178559
0.00013060 2.175564
0.00013073 2.172569
0.00013086 2.169575
0.00013099 2.166580
0.00013112 2.163585
0.00013125 2.160590
0.00013138 2.157595
0.00013151 2.154601
0.00013164 2.151606
0.00013177 2.148611
0.00013190 2.145616
0.00013203 2.142622
0.00013216 2.139627
0.00013229 2.136632
0.00013242 2.133637
0.00013255 2.130642
0.00013268 2.127648
0.00013281 2.124653
0.00013294 2.121658
0.00013307 2.118663
0.00013320 2.115668
0.00013333 2.112674
0.00013346 2.109679
0.00013359 2.106684
0.00013372 2.103689
0.00013385 2.100694
0.00015000 2.499002
0.00015013 2.496007
0.00015026 2.493012
0.00015039 2.490017
0.00015052 2.487023
0.00015065 2.484028
0.00015078 2.481033
0.00015091 2.478038
0.00015104 2.475043
0.00015117 2.472049
0.00015130 2.469054
0.00015143 2.466059
0.00015156 2.463064
0.00015169 2.460069
0.00015182 2.457075
0.00015195 2.454080
0.00015208 2.451085
0.00015221 2.448090
0.00015234 2.445095
0.00015247 2.442101
0.00015260 2.439106
0.00015273 2.436111
0.00015286 2.433116
0.00015299 2.430122
0.00015313 2.427127
0.00015326 2.424132
0.00015339 2.421137
0.00015352 2.418142
0.00015365 2.415148
0.00015378 2.412153
0.00015391 2.409158
0.00015404 2.406163
0.00015417 2.403168
0.00015430 2.400174
0.00015443 2.397179
0.00015456 2.394184
0.00015469 2.391189
0.00015482 2.388194
0.00015495 2.385200
0.00015508 2.382205
0.00015521 2.379210
0.00015534 2.376215
0.00015547 2.373220
0.00015560 2.370226
0.00015573 2.367231
0.00015586 2.364236
0.00015599 2.361241
0.00015612 2.358247
0.00015625 2.355252
0.00015638 2.352257
0.00015651 2.349262
0.00015664 2.346267
0.00015677 2.343273
0.00015690 2.340278
0.00015703 2.337283
0.00015716 2.334288
0.00015729 2.331293
0.00015742 2.328299
0.00015755 2.325304
0.00015768 2.322309
0.00015781 2.319314
0.00015794 2.316319
0.00015807 2.313325
0.00015820 2.310330
0.00015833 2.307335
0.00015846 2.304340
0.00015859 2.301345
0.00015872 2.298351
0.00015885 2.295356
0.00015898 2.292361
0.00015911 2.289366
0.00015924 2.286372
0.00015938 2.283377
0.00015951 2.280382
0.00015964 2.277387
0.00015977 2.274392
0.00015990 2.271398
0.00016003 2.268403
0.00016016 2.265408
0.00016029 2.262413
0.00016042 2.259418
0.00016055 2.256424
0.00016068 2.253429
0.00016081 2.250434
0.00016094 2.247439
0.00016107 2.244444
0.00016120 2.241450
0.00016133 2.238455
0.00016146 2.235460
0.00016159 2.232465
0.00016172 2.229470
0.00016185 2.226476
0.00016198 2.223481
0.00016211 2.220486
0.00016224 2.217491
0.00016237 2.214497
0.00016250 2.211502
0.00016263 2.208507
0.00016276 2.205512
0.00016289 2.202517
0.00016302 2.199523
0.00016315 2.196528
0.00016328 2.193533
0.00016341 2.190538
0.00016354 2.187543
0.00016367 2.184549
0.00016380 2.181554
0.00016393 2.178559
0.00016406 2.175564
0.00016419 2.172569
0.00016432 2.169575
0.00016445 2.166580
0.00016458 2.163585
0.00016471 2.160590
0.00016484 2.157595
0.00016497 2.154601
0.00016510 2.151606
0.00016523 2.148611
0.00016536 2.145616
0.00016549 2.142622
0.00016563 2.139627
0.00016576 2.136632
0.00016589 2.133637
0.00016602 2.130642
0.00016615 2.127648
0.00016628 2.124653
0.00016641 2.121658
0.00016654 2.118663
0.00016667 2.115668
0.00016680 2.112674
0.00016693 2.109679
0.00016706 2.106684
0.00016719 2.103689
0.00016732 2.100694
0.00018346 2.499002
0.00018359 2.496007
0.00018372 2.493012
0.00018385 2.490017
0.00018398 2.487023
0.00018411 2.484028
0.00018424 2.481033
0.00018438 2.478038
0.00018451 2.475043
0.00018464 2.472049
0.00018477 2.469054
0.00018490 2.466059
0.00018503 2.463064
0.00018516 2.460069
0.00018529 2.457075
0.00018542 2.454080
0.00018555 2.451085
0.00018568 2.448090
0.00018581 2.445095
0.00018594 2.442101
0.00018607 2.439106
0.00018620 2.436111
0.00018633 2.433116
0.00018646 2.430122
0.00018659 2.427127
0.00018672 2.424132
0.00018685 2.421137
0.00018698 2.418142
0.00018711 2.415148
0.00018724 2.412153
0.00018737 2.409158
0.00018750 2.406163
0.00018763 2.403168
0.00018776 2.400174
0.00018789 2.397179
0.00018802 2.394184
0.00018815 2.391189
0.00018828 2.388194
0.00018841 2.385200
0.00018854 2.382205
0.00018867 2.379210
0.00018880 2.376215
0.00018893 2.373220
0.00018906 2.370226
0.00018919 2.367231
0.00018932 2.364236
0.00018945 2.361241
0.00018958 2.358247
0.00018971 2.355252
0.00018984 2.352257
0.00018997 2.349262
0.00019010 2.346267
0.00019023 2.343273
0.00019036 2.340278
0.00019049 2.337283
0.00019063 2.334288
0.00019076 2.331293
0.00019089 2.328299
0.00019102 2.325304
0.00019115 2.322309
0.00019128 2.319314
0.00019141 2.316319
0.00019154 2.313325
0.00019167 2.310330
0.00019180 2.307335
0.00019193 2.304340
0.00019206 2.301345
0.00019219 2.298351
0.00019232 2.295356
0.00019245 2.292361
0.00019258 2.289366
0.00019271 2.286372
0.00019284 2.283377
0.00019297 2.280382
0.00019310 2.277387
0.00019323 2.274392
0.00019336 2.271398
0.00019349 2.268403
0.00019362 2.265408
0.00019375 2.262413
0.00019388 2.259418
0.00019401 2.256424
0.00019414 2.253429
0.00019427 2.250434
0.00019440 2.247439
0.00019453 2.244444
0.00019466 2.241450
0.00019479 2.238455
0.00019492 2.235460
0.00019505 2.232465
0.00019518 2.229470
0.00019531 2.226476
0.00019544 2.223481
0.00019557 2.220486
0.00019570 2.217491
0.00019583 2.214497
0.00019596 2.211502
0.00019609 2.208507
0.00019622 2.205512
0.00019635 2.202517
0.00019648 2.199523
0.00019661 2.196528
0.00019674 2.193533
0.00019688 2.190538
0.00019701 2.187543
0.00019714 2.184549
0.00019727 2.181554
0.00019740 2.178559
0.00019753 2.175564
0.00019766 2.172569
0.00019779 2.169575
0.00019792 2.166580
0.00019805 2.163585
0.00019818 2.160590
0.00019831 2.157595
0.00019844 2.154601
0.00019857 2.151606
0.00019870 2.148611
0.00019883 2.145616
0.00019896 2.142622
0.00019909 2.139627
0.00019922 2.136632
0.00019935 2.133637
0.00019948 2.130642
0.00019961 2.127648
0.00019974 2.124653
0.00019987 2.121658
0.00020000 2.118663
0.00020013 2.115668
0.00020026 2.112674
0.00020039 2.109679
0.00020052 2.106684
0.00020065 2.103689
0.00020078 2.100694
0.00021693 2.499002
0.00021706 2.496007
0.00021719 2.493012
0.00021732 2.490017
0.00021745 2.487023
0.00021758 2.484028
0.00021771 2.481033
0.00021784 2.478038
0.00021797 2.475043
0.00021810 2.472049
0.00021823 2.469054
0.00021836 2.466059
0.00021849 2.463064
0.00021862 2.460069
0.00021875 2.457075
0.00021888 2.454080
0.00021901 2.451085
0.00021914 2.448090
0.00021927 2.445095
0.00021940 2.442101
0.00021953 2.439106
0.00021966 2.436111
0.00021979 2.433116
0.00021992 2.430122
0.00022005 2.427127
0.00022018 2.424132
0.00022031 2.421137
0.00022044 2.418142
0.00022057 2.415148
0.00022070 2.412153
0.00022083 2.409158
0.00022096 2.406163
0.00022109 2.403168
0.00022122 2.400174
0.00022135 2.397179
0.00022148 2.394184
0.00022161 2.391189
0.00022174 2.388194
0.00022188 2.385200
0.00022201 2.382205
0.00022214 2.379210
0.00022227 2.376215
0.00022240 2.373220
0.00022253 2.370226
0.00022266 2.367231
0.00022279 2.364236
0.00022292 2.361241
0.00022305 2.358247
0.00022318 2.355252
0.00022331 2.352257
0.00022344 2.349262
0.00022357 2.346267
0.00022370 2.343273
0.00022383 2.340278
0.00022396 2.337283
0.00022409 2.334288
0.00022422 2.331293
0.00022435 2.328299
0.00022448 2.325304
0.00022461 2.322309
0.00022474 2.319314
0.00022487 2.316319
0.00022500 2.313325
0.00022513 2.310330
0.00022526 2.307335
0.00022539 2.304340
0.00022552 2.301345
0.00022565 2.298351
0.00022578 2.295356
0.00022591 2.292361
0.00022604 2.289366
0.00022617 2.286372
0.00022630 2.283377
0.00022643 2.280382
0.00022656 2.277387
0.00022669 2.274392
0.00022682 2.271398
0.00022695 2.268403
0.00022708 2.265408
0.00022721 2.262413
0.00022734 2.259418
0.00022747 2.256424
0.00022760 2.253429
0.00022773 2.250434
0.00022786 2.247439
0.00022799 2.244444
0.00022813 2.241450
0.00022826 2.238455
0.00022839 2.235460
0.00022852 2.232465
0.00022865 2.229470
0.00022878 2.226476
0.00022891 2.223481
0.00022904 2.220486
0.00022917 2.217491
0.00022930 2.214497
0.00022943 2.211502
0.00022956 2.208507
0.00022969 2.205512
0.00022982 2.202517
0.00022995 2.199523
0.00023008 2.196528
0.00023021 2.193533
0.00023034 2.190538
0.00023047 2.187543
0.00023060 2.184549
0.00023073 2.181554
0.00023086 2.178559
0.00023099 2.175564
0.00023112 2.172569
0.00023125 2.169575
0.00023138 2.166580
0.00023151 2.163585
0.00023164 2.160590
0.00023177 2.157595
0.00023190 2.154601
0.00023203 2.151606
0.00023216 2.148611
0.00023229 2.145616
0.00023242 2.142622
0.00023255 2.139627
0.00023268 2.136632
0.00023281 2.133637
0.00023294 2.130642
0.00023307 2.127648
0.00023320 2.124653
0.00023333 2.121658
0.00023346 2.118663
0.00023359 2.115668
0.00023372 2.112674
0.00023385 2.109679
0.00023398 2.106684
0.00023411 2.103689
0.00023424 2.100694
0.00025039 2.499002
0.00025052 2.496007
0.00025065 2.493012
0.00025078 2.490017
0.00025091 2.487023
0.00025104 2.484028
0.00025117 2.481033
0.00025130 2.478038
0.00025143 2.475043
0.00025156 2.472049
0.00025169 2.469054
0.00025182 2.466059
0.00025195 2.463064
0.00025208 2.460069
0.00025221 2.457075
0.00025234 2.454080
0.00025247 2.451085
0.00025260 2.448090
0.00025273 2.445095
0.00025286 2.442101
0.00025299 2.439106
0.00025313 2.436111
0.00025326 2.433116
0.00025339 2.430122
0.00025352 2.427127
0.00025365 2.424132
0.00025378 2.421137
0.00025391 2.418142
0.00025404 2.415148
0.00025417 2.412153
0.00025430 2.409158
0.00025443 2.406163
0.00025456 2.403168
0.00025469 2.400174
0.00025482 2.397179
0.00025495 2.394184
0.00025508 2.391189
0.00025521 2.388194
0.00025534 2.385200
0.00025547 2.382205
0.00025560 2.379210
0.00025573 2.376215
0.00025586 2.373220
0.00025599 2.370226
0.00025612 2.367231
0.00025625 2.364236
0.00025638 2.361241
0.00025651 2.358247
0.00025664 2.355252
0.00025677 2.352257
0.00025690 2.349262
0.00025703 2.346267
0.00025716 2.343273
0.00025729 2.340278
0.00025742 2.337283
0.00025755 2.334288
0.00025768 2.331293
0.00025781 2.328299
0.00025794 2.325304
0.00025807 2.322309
0.00025820 2.319314
0.00025833 2.316319
0.00025846 2.313325
0.00025859 2.310330
0.00025872 2.307335
0.00025885 2.304340
0.00025898 2.301345
0.00025911 2.298351
0.00025924 2.295356
0.00025938 2.292361
0.00025951 2.289366
0.00025964 2.286372
0.00025977 2.283377
0.00025990 2.280382
0.00026003 2.277387
0.00026016 2.274392
0.00026029 2.271398
0.00026042 2.268403
0.00026055 2.265408
0.00026068 2.262413
0.00026081 2.259418
0.00026094 2.256424
0.00026107 2.253429
0.00026120 2.250434
0.00026133 2.247439
0.00026146 2.244444
0.00026159 2.241450
0.00026172 2.238455
0.00026185 2.235460
0.00026198 2.232465
0.00026211 2.229470
0.00026224 2.226476
0.00026237 2.223481
0.00026250 2.220486
0.00026263 2.217491
0.00026276 2.214497
0.00026289 2.211502
0.00026302 2.208507
0.00026315 2.205512
0.00026328 2.202517
0.00026341 2.199523
0.00026354 2.196528
0.00026367 2.193533
0.00026380 2.190538
0.00026393 2.187543
0.00026406 2.184549
0.00026419 2.181554
0.00026432 2.178559
0.00026445 2.175564
0.00026458 2.172569
0.00026471 2.169575
0.00026484 2.166580
0.00026497 2.163585
0.00026510 2.160590
0.00026523 2.157595
0.00026536 2.154601
0.00026549 2.151606
0.00026563 2.148611
0.00026576 2.145616
0.00026589 2.142622
0.00026602 2.139627
0.00026615 2.136632
0.00026628 2.133637
0.00026641 2.130642
0.00026654 2.127648
0.00026667 2.124653
0.00026680 2.121658
0.00026693 2.118663
0.00026706 2.115668
0.00026719 2.112674
0.00026732 2.109679
0.00026745 2.106684
0.00026758 2.103689
0.00026771 2.100694
0.00028385 2.499002
0.00028398 2.496007
0.00028411 2.493012
0.00028424 2.490017
0.00028438 2.487023
0.00028451 2.484028
0.00028464 2.481033
0.00028477 2.478038
0.00028490 2.475043
0.00028503 2.472049
0.00028516 2.469054
0.00028529 2.466059
0.00028542 2.463064
0.00028555 2.460069
0.00028568 2.457075
0.00028581 2.454080
0.00028594 2.451085
0.00028607 2.448090
0.00028620 2.445095
0.00028633 2.442101
0.00028646 2.439106
0.00028659 2.436111
0.00028672 2.433116
0.00028685 2.430122
0.00028698 2.427127
0.00028711 2.424132
0.00028724 2.421137
0.00028737 2.418142
0.00028750 2.415148
0.00028763 2.412153
0.00028776 2.409158
0.00028789 2.406163
0.00028802 2.403168
0.00028815 2.400174
0.00028828 2.397179
0.00028841 2.394184
0.00028854 2.391189
0.00028867 2.388194
0.00028880 2.385200
0.00028893 2.382205
0.00028906 2.379210
0.00028919 2.376215
0.00028932 2.373220
0.00028945 2.370226
0.00028958 2.367231
0.00028971 2.364236
0.00028984 2.361241
0.00028997 2.358247
0.00029010 2.355252
0.00029023 2.352257
0.00029036 2.349262
0.00029049 2.346267
0.00029063 2.343273
0.00029076 2.340278
0.00029089 2.337283
0.00029102 2.334288
0.00029115 2.331293
0.00029128 2.328299
0.00029141 2.325304
0.00029154 2.322309
0.00029167 2.319314
0.00029180 2.316319
0.00029193 2.313325
0.00029206 2.310330
0.00029219 2.307335
0.00029232 2.304340
0.00029245 2.301345
0.00029258 2.298351
0.00029271 2.295356
0.00029284 2.292361
0.00029297 2.289366
0.00029310 2.286372
0.00029323 2.283377
0.00029336 2.280382
0.00029349 2.277387
0.00029362 2.274392
0.00029375 2.271398
0.00029388 2.268403
0.00029401 2.265408
0.00029414 2.262413
0.00029427 2.259418
0.00029440 2.256424
0.00029453 2.253429
0.00029466 2.250434
0.00029479 2.247439
0.00029492 2.244444
0.00029505 2.241450
0.00029518 2.238455
0.00029531 2.235460
0.00029544 2.232465
0.00029557 2.229470
0.00029570 2.226476
0.00029583 2.223481
0.00029596 2.220486
0.00029609 2.217491
0.00029622 2.214497
0.00029635 2.211502
0.00029648 2.208507
0.00029661 2.205512
0.00029674 2.202517
0.00029688 2.199523
0.00029701 2.196528
0.00029714 2.193533
0.00029727 2.190538
0.00029740 2.187543
0.00029753 2.184549
0.00029766 2.181554
0.00029779 2.178559
0.00029792 2.175564
0.00029805 2.172569
0.00029818 2.169575
0.00029831 2.166580
0.00029844 2.163585
0.00029857 2.160590
0.00029870 2.157595
0.00029883 2.154601
0.00029896 2.151606
0.00029909 2.148611
0.00029922 2.145616
0.00029935 2.142622
0.00029948 2.139627
0.00029961 2.136632
0.00029974 2.133637
0.00029987 2.130642
0.00030000 2.127648
0.00030013 2.124653
0.00030026 2.121658
0.00030039 2.118663
0.00030052 2.115668
0.00030065 2.112674
0.00030078 2.109679
0.00030091 2.106684
0.00030104 2.103689
0.00030117 2.100694
0.00031732 2.499002
0.00031745 2.496007
0.00031758 2.493012
0.00031771 2.490017
0.00031784 2.487023
0.00031797 2.484028
0.00031810 2.481033
0.00031823 2.478038
0.00031836 2.475043
0.00031849 2.472049
0.00031862 2.469054
0.00031875 2.466059
0.00031888 2.463064
0.00031901 2.460069
0.00031914 2.457075
0.00031927 2.454080
0.00031940 2.451085
0.00031953 2.448090
0.00031966 2.445095
0.00031979 2.442101
0.00031992 2.439106
0.00032005 2.436111
0.00032018 2.433116
0.00032031 2.430122
0.00032044 2.427127
0.00032057 2.424132
0.00032070 2.421137
0.00032083 2.418142
0.00032096 2.415148
0.00032109 2.412153
0.00032122 2.409158
0.00032135 2.406163
0.00032148 2.403168
0.00032161 2.400174
0.00032174 2.397179
0.00032188 2.394184
0.00032201 2.391189
0.00032214 2.388194
0.00032227 2.385200
0.00032240 2.382205
0.00032253 2.379210
0.00032266 2.376215
0.00032279 2.373220
0.00032292 2.370226
0.00032305 2.367231
0.00032318 2.364236
0.00032331 2.361241
0.00032344 2.358247
0.00032357 2.355252
0.00032370 2.352257
0.00032383 2.349262
0.00032396 2.346267
0.00032409 2.343273
0.00032422 2.340278
0.00032435 2.337283
0.00032448 2.334288
0.00032461 2.331293
0.00032474 2.328299
0.00032487 2.325304
0.00032500 2.322309
0.00032513 2.319314
0.00032526 2.316319
0.00032539 2.313325
0.00032552 2.310330
0.00032565 2.307335
0.00032578 2.304340
0.00032591 2.301345
0.00032604 2.298351
0.00032617 2.295356
0.00032630 2.292361
0.00032643 2.289366
0.00032656 2.286372
0.00032669 2.283377
0.00032682 2.280382
0.00032695 2.277387
0.00032708 2.274392
0.00032721 2.271398
0.00032734 2.268403
0.00032747 2.265408
0.00032760 2.262413
0.00032773 2.259418
0.00032786 2.256424
0.00032799 2.253429
0.00032813 2.250434
0.00032826 2.247439
0.00032839 2.244444
0.00032852 2.241450
0.00032865 2.238455
0.00032878 2.235460
0.00032891 2.232465
0.00032904 2.229470
0.00032917 2.226476
0.00032930 2.223481
0.00032943 2.220486
0.00032956 2.217491
0.00032969 2.214497
0.00032982 2.211502
0.00032995 2.208507
0.00033008 2.205512
0.00033021 2.202517
0.00033034 2.199523
0.00033047 2.196528
0.00033060 2.193533
0.00033073 2.190538
0.00033086 2.187543
0.00033099 2.184549
0.00033112 2.181554
0.00033125 2.178559
0.00033138 2.175564
0.00033151 2.172569
0.00033164 2.169575
0.00033177 2.166580
0.00033190 2.163585
0.00033203 2.160590
0.00033216 2.157595
0.00033229 2.154601
0.00033242 2.151606
0.00033255 2.148611
0.00033268 2.145616
0.00033281 2.142622
0.00033294 2.139627
0.00033307 2.136632
0.00033320 2.133637
0.00033333 2.130642
0.00033346 2.127648
0.00033359 2.124653
0.00033372 2.121658
0.00033385 2.118663
0.00033398 2.115668
0.00033411 2.112674
0.00033424 2.109679
0.00033438 2.106684
0.00033451 2.103689
0.00033464 2.100694
0.00035078 2.499002
0.00035091 2.496007
0.00035104 2.493012
0.00035117 2.490017
0.00035130 2.487023
0.00035143 2.484028
0.00035156 2.481033
0.00035169 2.478038
0.00035182 2.475043
0.00035195 2.472049
0.00035208 2.469054
0.00035221 2.466059
0.00035234 2.463064
0.00035247 2.460069
0.00035260 2.457075
0.00035273 2.454080
0.00035286 2.451085
0.00035299 2.448090
0.00035312 2.445095
0.00035326 2.442101
0.00035339 2.439106
0.00035352 2.436111
0.00035365 2.433116
0.00035378 2.430122
0.00035391 2.427127
0.00035404 2.424132
0.00035417 2.421137
0.00035430 2.418142
0.00035443 2.415148
0.00035456 2.412153
0.00035469 2.409158
0.00035482 2.406163
0.00035495 2.403168
0.00035508 2.400174
0.00035521 2.397179
0.00035534 2.394184
0.00035547 2.391189
0.00035560 2.388194
0.00035573 2.385200
0.00035586 2.382205
0.00035599 2.379210
0.00035612 2.376215
0.00035625 2.373220
0.00035638 2.370226
0.00035651 2.367231
0.00035664 2.364236
0.00035677 2.361241
0.00035690 2.358247
0.00035703 2.355252
0.00035716 2.352257
0.00035729 2.349262
0.00035742 2.346267
0.00035755 2.343273
0.00035768 2.340278
0.00035781 2.337283
0.00035794 2.334288
0.00035807 2.331293
0.00035820 2.328299
0.00035833 2.325304
0.00035846 2.322309
0.00035859 2.319314
0.00035872 2.316319
0.00035885 2.313325
0.00035898 2.310330
0.00035911 2.307335
0.00035924 2.304340
0.00035937 2.301345
0.00035951 2.298351
0.00035964 2.295356
0.00035977 2.292361
0.00035990 2.289366
0.00036003 2.286372
0.00036016 2.283377
0.00036029 2.280382
0.00036042 2.277387
0.00036055 2.274392
0.00036068 2.271398
0.00036081 2.268403
0.00036094 2.265408
0.00036107 2.262413
0.00036120 2.259418
0.00036133 2.256424
0.00036146 2.253429
0.00036159 2.250434
0.00036172 2.247439
0.00036185 2.244444
0.00036198 2.241450
0.00036211 2.238455
0.00036224 2.235460
0.00036237 2.232465
0.00036250 2.229470
0.00036263 2.226476
0.00036276 2.223481
0.00036289 2.220486
0.00036302 2.217491
0.00036315 2.214497
0.00036328 2.211502
0.00036341 2.208507
0.00036354 2.205512
0.00036367 2.202517
0.00036380 2.199523
0.00036393 2.196528
0.00036406 2.193533
0.00036419 2.190538
0.00036432 2.187543
0.00036445 2.184549
0.00036458 2.181554
0.00036471 2.178559
0.00036484 2.175564
0.00036497 2.172569
0.00036510 2.169575
0.00036523 2.166580
0.00036536 2.163585
0.00036549 2.160590
0.00036562 2.157595
0.00036576 2.154601
0.00036589 2.151606
0.00036602 2.148611
0.00036615 2.145616
0.00036628 2.142622
0.00036641 2.139627
0.00036654 2.136632
0.00036667 2.133637
0.00036680 2.130642
0.00036693 2.127648
0.00036706 2.124653
0.00036719 2.121658
0.00036732 2.118663
0.00036745 2.115668
0.00036758 2.112674
0.00036771 2.109679
0.00036784 2.106684
0.00036797 2.103689
0.00036810 2.100694
0.00038424 2.499002
0.00038437 2.496007
0.00038451 2.493012
0.00038464 2.490017
0.00038477 2.487023
0.00038490 2.484028
0.00038503 2.481033
0.00038516 2.478038
0.00038529 2.475043
0.00038542 2.472049
0.00038555 2.469054
0.00038568 2.466059
0.00038581 2.463064
0.00038594 2.460069
0.00038607 2.457075
0.00038620 2.454080
0.00038633 2.451085
0.00038646 2.448090
0.00038659 2.445095
0.00038672 2.442101
0.00038685 2.439106
0.00038698 2.436111
0.00038711 2.433116
0.00038724 2.430122
0.00038737 2.427127
0.00038750 2.424132
0.00038763 2.421137
0.00038776 2.418142
0.00038789 2.415148
0.00038802 2.412153
0.00038815 2.409158
0.00038828 2.406163
0.00038841 2.403168
0.00038854 2.400174
0.00038867 2.397179
0.00038880 2.394184
0.00038893 2.391189
0.00038906 2.388194
0.00038919 2.385200
0.00038932 2.382205
0.00038945 2.379210
0.00038958 2.376215
0.00038971 2.373220
0.00038984 2.370226
0.00038997 2.367231
0.00039010 2.364236
0.00039023 2.361241
0.00039036 2.358247
0.00039049 2.355252
0.00039062 2.352257
0.00039076 2.349262
0.00039089 2.346267
0.00039102 2.343273
0.00039115 2.340278
0.00039128 2.337283
0.00039141 2.334288
0.00039154 2.331293
0.00039167 2.328299
0.00039180 2.325304
0.00039193 2.322309
0.00039206 2.319314
0.00039219 2.316319
0.00039232 2.313325
0.00039245 2.310330
0.00039258 2.307335
0.00039271 2.304340
0.00039284 2.301345
0.00039297 2.298351
0.00039310 2.295356
0.00039323 2.292361
0.00039336 2.289366
0.00039349 2.286372
0.00039362 2.283377
0.00039375 2.280382
0.00039388 2.277387
0.00039401 2.274392
0.00039414 2.271398
0.00039427 2.268403
0.00039440 2.265408
0.00039453 2.262413
0.00039466 2.259418
0.00039479 2.256424
0.00039492 2.253429
0.00039505 2.250434
0.00039518 2.247439
0.00039531 2.244444
0.00039544 2.241450
0.00039557 2.238455
0.00039570 2.235460
0.00039583 2.232465
0.00039596 2.229470
0.00039609 2.226476
0.00039622 2.223481
0.00039635 2.220486
0.00039648 2.217491
0.00039661 2.214497
0.00039674 2.211502
0.00039687 2.208507
0.00039701 2.205512
0.00039714 2.202517
0.00039727 2.199523
0.00039740 2.196528
0.00039753 2.193533
0.00039766 2.190538
0.00039779 2.187543
0.00039792 2.184549
0.00039805 2.181554
0.00039818 2.178559
0.00039831 2.175564
0.00039844 2.172569
0.00039857 2.169575
0.00039870 2.166580
0.00039883 2.163585
0.00039896 2.160590
0.00039909 2.157595
0.00039922 2.154601
0.00039935 2.151606
0.00039948 2.148611
0.00039961 2.145616
0.00039974 2.142622
0.00039987 2.139627
0.00040000 2.136632
0.00040013 2.133637
0.00040026 2.130642
0.00040039 2.127648
0.00040052 2.124653
0.00040065 2.121658
0.00040078 2.118663
0.00040091 2.115668
0.00040104 2.112674
0.00040117 2.109679
0.00040130 2.106684
0.00040143 2.103689
0.00040156 2.100694
0.00041771 2.499002
0.00041784 2.496007
0.00041797 2.493012
0.00041810 2.490017
0.00041823 2.487023
0.00041836 2.484028
0.00041849 2.481033
0.00041862 2.478038
0.00041875 2.475043
0.00041888 2.472049
0.00041901 2.469054
0.00041914 2.466059
0.00041927 2.463064
0.00041940 2.460069
0.00041953 2.457075
0.00041966 2.454080
0.00041979 2.451085
0.00041992 2.448090
0.00042005 2.445095
0.00042018 2.442101
0.00042031 2.439106
0.00042044 2.436111
0.00042057 2.433116
0.00042070 2.430122
0.00042083 2.427127
0.00042096 2.424132
0.00042109 2.421137
0.00042122 2.418142
0.00042135 2.415148
0.00042148 2.412153
0.00042161 2.409158
0.00042174 2.406163
0.00042187 2.403168
0.00042201 2.400174
0.00042214 2.397179
0.00042227 2.394184
0.00042240 2.391189
0.00042253 2.388194
0.00042266 2.385200
0.00042279 2.382205
0.00042292 2.379210
0.00042305 2.376215
0.00042318 2.373220
0.00042331 2.370226
0.00042344 2.367231
0.00042357 2.364236
0.00042370 2.361241
0.00042383 2.358247
0.00042396 2.355252
0.00042409 2.352257
0.00042422 2.349262
0.00042435 2.346267
0.00042448 2.343273
0.00042461 2.340278
0.00042474 2.337283
0.00042487 2.334288
0.00042500 2.331293
0.00042513 2.328299
0.00042526 2.325304
0.00042539 2.322309
0.00042552 2.319314
0.00042565 2.316319
0.00042578 2.313325
0.00042591 2.310330
0.00042604 2.307335
0.00042617 2.304340
0.00042630 2.301345
0.00042643 2.298351
0.00042656 2.295356
0.00042669 2.292361
0.00042682 2.289366
0.00042695 2.286372
0.00042708 2.283377
0.00042721 2.280382
0.00042734 2.277387
0.00042747 2.274392
0.00042760 2.271398
0.00042773 2.268403
0.00042786 2.265408
0.00042799 2.262413
0.00042812 2.259418
0.00042826 2.256424
0.00042839 2.253429
0.00042852 2.250434
0.00042865 2.247439
0.00042878 2.244444
0.00042891 2.241450
0.00042904 2.238455
0.00042917 2.235460
0.00042930 2.232465
0.00042943 2.229470
0.00042956 2.226476
0.00042969 2.223481
0.00042982 2.220486
0.00042995 2.217491
0.00043008 2.214497
0.00043021 2.211502
0.00043034 2.208507
0.00043047 2.205512
0.00043060 2.202517
0.00043073 2.199523
0.00043086 2.196528
0.00043099 2.193533
0.00043112 2.190538
0.00043125 2.187543
0.00043138 2.184549
0.00043151 2.181554
0.00043164 2.178559
0.00043177 2.175564
0.00043190 2.172569
0.00043203 2.169575
0.00043216 2.166580
0.00043229 2.163585
0.00043242 2.160590
0.00043255 2.157595
0.00043268 2.154601
0.00043281 2.151606
0.00043294 2.148611
0.00043307 2.145616
0.00043320 2.142622
0.00043333 2.139627
0.00043346 2.136632
0.00043359 2.133637
0.00043372 2.130642
0.00043385 2.127648
0.00043398 2.124653
0.00043411 2.121658
0.00043424 2.118663
0.00043437 2.115668
0.00043451 2.112674
0.00043464 2.109679
0.00043477 2.106684
0.00043490 2.103689
0.00043503 2.100694
0.00045117 2.499002
0.00045130 2.496007
0.00045143 2.493012
0.00045156 2.490017
0.00045169 2.487023
0.00045182 2.484028
0.00045195 2.481033
0.00045208 2.478038
0.00045221 2.475043
0.00045234 2.472049
0.00045247 2.469054
0.00045260 2.466059
0.00045273 2.463064
0.00045286 2.460069
0.00045299 2.457075
0.00045312 2.454080
0.00045326 2.451085
0.00045339 2.448090
0.00045352 2.445095
0.00045365 2.442101
0.00045378 2.439106
0.00045391 2.436111
0.00045404 2.433116
0.00045417 2.430122
0.00045430 2.427127
0.00045443 2.424132
0.00045456 2.421137
0.00045469 2.418142
0.00045482 2.415148
0.00045495 2.412153
0.00045508 2.409158
0.00045521 2.406163
0.00045534 2.403168
0.00045547 2.400174
0.00045560 2.397179
0.00045573 2.394184
0.00045586 2.391189
0.00045599 2.388194
0.00045612 2.385200
0.00045625 2.382205
0.00045638 2.379210
0.00045651 2.376215
0.00045664 2.373220
0.00045677 2.370226
0.00045690 2.367231
0.00045703 2.364236
0.00045716 2.361241
0.00045729 2.358247
0.00045742 2.355252
0.00045755 2.352257
0.00045768 2.349262
0.00045781 2.346267
0.00045794 2.343273
0.00045807 2.340278
0.00045820 2.337283
0.00045833 2.334288
0.00045846 2.331293
0.00045859 2.328299
0.00045872 2.325304
0.00045885 2.322309
0.00045898 2.319314
0.00045911 2.316319
0.00045924 2.313325
0.00045937 2.310330
0.00045951 2.307335
0.00045964 2.304340
0.00045977 2.301345
0.00045990 2.298351
0.00046003 2.295356
0.00046016 2.292361
0.00046029 2.289366
0.00046042 2.286372
0.00046055 2.283377
0.00046068 2.280382
0.00046081 2.277387
0.00046094 2.274392
0.00046107 2.271398
0.00046120 2.268403
0.00046133 2.265408
0.00046146 2.262413
0.00046159 2.259418
0.00046172 2.256424
0.00046185 2.253429
0.00046198 2.250434
0.00046211 2.247439
0.00046224 2.244444
0.00046237 2.241450
0.00046250 2.238455
0.00046263 2.235460
0.00046276 2.232465
0.00046289 2.229470
0.00046302 2.226476
0.00046315 2.223481
0.00046328 2.220486
0.00046341 2.217491
0.00046354 2.214497
0.00046367 2.211502
0.00046380 2.208507
0.00046393 2.205512
0.00046406 2.202517
0.00046419 2.199523
0.00046432 2.196528
0.00046445 2.193533
0.00046458 2.190538
0.00046471 2.187543
0.00046484 2.184549
0.00046497 2.181554
0.00046510 2.178559
0.00046523 2.175564
0.00046536 2.172569
0.00046549 2.169575
0.00046562 2.166580
0.00046576 2.163585
0.00046589 2.160590
0.00046602 2.157595
0.00046615 2.154601
0.00046628 2.151606
0.00046641 2.148611
0.00046654 2.145616
0.00046667 2.142622
0.00046680 2.139627
0.00046693 2.136632
0.00046706 2.133637
0.00046719 2.130642
0.00046732 2.127648
0.00046745 2.124653
0.00046758 2.121658
0.00046771 2.118663
0.00046784 2.115668
0.00046797 2.112674
0.00046810 2.109679
0.00046823 2.106684
0.00046836 2.103689
0.00046849 2.100694
0.00048464 2.499002
0.00048477 2.496007
0.00048490 2.493012
0.00048503 2.490017
0.00048516 2.487023
0.00048529 2.484028
0.00048542 2.481033
0.00048555 2.478038
0.00048568 2.475043
0.00048581 2.472049
0.00048594 2.469054
0.00048607 2.466059
0.00048620 2.463064
0.00048633 2.460069
0.00048646 2.457075
0.00048659 2.454080
0.00048672 2.451085
0.00048685 2.448090
0.00048698 2.445095
0.00048711 2.442101
0.00048724 2.439106
0.00048737 2.436111
0.00048750 2.433116
0.00048763 2.430122
0.00048776 2.427127
0.00048789 2.424132
0.00048802 2.421137
0.00048815 2.418142
0.00048828 2.415148
0.00048841 2.412153
0.00048854 2.409158
0.00048867 2.406163
0.00048880 2.403168
0.00048893 2.400174
0.00048906 2.397179
0.00048919 2.394184
0.00048932 2.391189
0.00048945 2.388194
0.00048958 2.385200
0.00048971 2.382205
0.00048984 2.379210
0.00048997 2.376215
0.00049010 2.373220
0.00049023 2.370226
0.00049036 2.367231
0.00049049 2.364236
0.00049062 2.361241
0.00049076 2.358247
0.00049089 2.355252
0.00049102 2.352257
0.00049115 2.349262
0.00049128 2.346267
0.00049141 2.343273
0.00049154 2.340278
0.00049167 2.337283
0.00049180 2.334288
0.00049193 2.331293
0.00049206 2.328299
0.00049219 2.325304
0.00049232 2.322309
0.00049245 2.319314
0.00049258 2.316319
0.00049271 2.313325
0.00049284 2.310330
0.00049297 2.307335
0.00049310 2.304340
0.00049323 2.301345
0.00049336 2.298351
0.00049349 2.295356
0.00049362 2.292361
0.00049375 2.289366
0.00049388 2.286372
0.00049401 2.283377
0.00049414 2.280382
0.00049427 2.277387
0.00049440 2.274392
0.00049453 2.271398
0.00049466 2.268403
0.00049479 2.265408
0.00049492 2.262413
0.00049505 2.259418
0.00049518 2.256424
0.00049531 2.253429
0.00049544 2.250434
0.00049557 2.247439
0.00049570 2.244444
0.00049583 2.241450
0.00049596 2.238455
0.00049609 2.235460
0.00049622 2.232465
0.00049635 2.229470
0.00049648 2.226476
0.00049661 2.223481
0.00049674 2.220486
0.00049687 2.217491
0.00049701 2.214497
0.00049714 2.211502
0.00049727 2.208507
0.00049740 2.205512
0.00049753 2.202517
0.00049766 2.199523
0.00049779 2.196528
0.00049792 2.193533
0.00049805 2.190538
0.00049818 2.187543
0.00049831 2.184549
0.00049844 2.181554
0.00049857 2.178559
0.00049870 2.175564
0.00049883 2.172569
0.00049896 2.169575
0.00049909 2.166580
0.00049922 2.163585
0.00049935 2.160590
0.00049948 2.157595
0.00049961 2.154601
0.00049974 2.151606
0.00049987 2.148611
0.00050000 2.145616
0.00050013 2.142622
0.00050026 2.139627
0.00050039 2.136632
0.00050052 2.133637
0.00050065 2.130642
0.00050078 2.127648
0.00050091 2.124653
0.00050104 2.121658
0.00050117 2.118663
0.00050130 2.115668
0.00050143 2.112674
0.00050156 2.109679
0.00050169 2.106684
0.00050182 2.103689
0.00050195 2.100694
0.00051810 2.499002
0.00051823 2.496007
0.00051836 2.493012
0.00051849 2.490017
0.00051862 2.487023
0.00051875 2.484028
0.00051888 2.481033
0.00051901 2.478038
0.00051914 2.475043
0.00051927 2.472049
0.00051940 2.469054
0.00051953 2.466059
0.00051966 2.463064
0.00051979 2.460069
0.00051992 2.457075
0.00052005 2.454080
0.00052018 2.451085
0.00052031 2.448090
0.00052044 2.445095
0.00052057 2.442101
0.00052070 2.439106
0.00052083 2.436111
0.00052096 2.433116
0.00052109 2.430122
0.00052122 2.427127
0.00052135 2.424132
0.00052148 2.421137
0.00052161 2.418142
0.00052174 2.415148
0.00052187 2.412153
0.00052201 2.409158
0.00052214 2.406163
0.00052227 2.403168
0.00052240 2.400174
0.00052253 2.397179
0.00052266 2.394184
0.00052279 2.391189
0.00052292 2.388194
0.00052305 2.385200
0.00052318 2.382205
0.00052331 2.379210
0.00052344 2.376215
0.00052357 2.373220
0.00052370 2.370226
0.00052383 2.367231
0.00052396 2.364236
0.00052409 2.361241
0.00052422 2.358247
0.00052435 2.355252
0.00052448 2.352257
0.00052461 2.349262
0.00052474 2.346267
0.00052487 2.343273
0.00052500 2.340278
0.00052513 2.337283
0.00052526 2.334288
0.00052539 2.331293
0.00052552 2.328299
0.00052565 2.325304
0.00052578 2.322309
0.00052591 2.319314
0.00052604 2.316319
0.00052617 2.313325
0.00052630 2.310330
0.00052643 2.307335
0.00052656 2.304340
0.00052669 2.301345
0.00052682 2.298351
0.00052695 2.295356
0.00052708 2.292361
0.00052721 2.289366
0.00052734 2.286372
0.00052747 2.283377
0.00052760 2.280382
0.00052773 2.277387
0.00052786 2.274392
0.00052799 2.271398
0.00052812 2.268403
0.00052826 2.265408
0.00052839 2.262413
0.00052852 2.259418
0.00052865 2.256424
0.00052878 2.253429
0.00052891 2.250434
0.00052904 2.247439
0.00052917 2.244444
0.00052930 2.241450
0.00052943 2.238455
0.00052956 2.235460
0.00052969 2.232465
0.00052982 2.229470
0.00052995 2.226476
0.00053008 2.223481
0.00053021 2.220486
0.00053034 2.217491
0.00053047 2.214497
0.00053060 2.211502
0.00053073 2.208507
0.00053086 2.205512
0.00053099 2.202517
0.00053112 2.199523
0.00053125 2.196528
0.00053138 2.193533
0.00053151 2.190538
0.00053164 2.187543
0.00053177 2.184549
0.00053190 2.181554
0.00053203 2.178559
0.00053216 2.175564
0.00053229 2.172569
0.00053242 2.169575
0.00053255 2.166580
0.00053268 2.163585
0.00053281 2.160590
0.00053294 2.157595
0.00053307 2.154601
0.00053320 2.151606
0.00053333 2.148611
0.00053346 2.145616
0.00053359 2.142622
0.00053372 2.139627
0.00053385 2.136632
0.00053398 2.133637
0.00053411 2.130642
0.00053424 2.127648
0.00053437 2.124653
0.00053451 2.121658
0.00053464 2.118663
0.00053477 2.115668
0.00053490 2.112674
0.00053503 2.109679
0.00053516 2.106684
0.00053529 2.103689
0.00053542 2.100694
0.00055156 2.499002
0.00055169 2.496007
0.00055182 2.493012
0.00055195 2.490017
0.00055208 2.487023
0.00055221 2.484028
0.00055234 2.481033
0.00055247 2.478038
0.00055260 2.475043
0.00055273 2.472049
0.00055286 2.469054
0.00055299 2.466059
0.00055312 2.463064
0.00055326 2.460069
0.00055339 2.457075
0.00055352 2.454080
0.00055365 2.451085
0.00055378 2.448090
0.00055391 2.445095
0.00055404 2.442101
0.00055417 2.439106
0.00055430 2.436111
0.00055443 2.433116
0.00055456 2.430122
0.00055469 2.427127
0.00055482 2.424132
0.00055495 2.421137
0.00055508 2.418142
0.00055521 2.415148
0.00055534 2.412153
0.00055547 2.409158
0.00055560 2.406163
0.00055573 2.403168
0.00055586 2.400174
0.00055599 2.397179
0.00055612 2.394184
0.00055625 2.391189
0.00055638 2.388194
0.00055651 2.385200
0.00055664 2.382205
0.00055677 2.379210
0.00055690 2.376215
0.00055703 2.373220
0.00055716 2.370226
0.00055729 2.367231
0.00055742 2.364236
0.00055755 2.361241
0.00055768 2.358247
0.00055781 2.355252
0.00055794 2.352257
0.00055807 2.349262
0.00055820 2.346267
0.00055833 2.343273
0.00055846 2.340278
0.00055859 2.337283
0.00055872 2.334288
0.00055885 2.331293
0.00055898 2.328299
0.00055911 2.325304
0.00055924 2.322309
0.00055937 2.319314
0.00055951 2.316319
0.00055964 2.313325
0.00055977 2.310330
0.00055990 2.307335
0.00056003 2.304340
0.00056016 2.301345
0.00056029 2.298351
0.00056042 2.295356
0.00056055 2.292361
0.00056068 2.289366
0.00056081 2.286372
0.00056094 2.283377
0.00056107 2.280382
0.00056120 2.277387
0.00056133 2.274392
0.00056146 2.271398
0.00056159 2.268403
0.00056172 2.265408
0.00056185 2.262413
0.00056198 2.259418
0.00056211 2.256424
0.00056224 2.253429
0.00056237 2.250434
0.00056250 2.247439
0.00056263 2.244444
0.00056276 2.241450
0.00056289 2.238455
0.00056302 2.235460
0.00056315 2.232465
0.00056328 2.229470
0.00056341 2.226476
0.00056354 2.223481
0.00056367 2.220486
0.00056380 2.217491
0.00056393 2.214497
0.00056406 2.211502
0.00056419 2.208507
0.00056432 2.205512
0.00056445 2.202517
0.00056458 2.199523
0.00056471 2.196528
0.00056484 2.193533
0.00056497 2.190538
0.00056510 2.187543
0.00056523 2.184549
0.00056536 2.181554
0.00056549 2.178559
0.00056562 2.175564
0.00056576 2.172569
0.00056589 2.169575
0.00056602 2.166580
0.00056615 2.163585
0.00056628 2.160590
0.00056641 2.157595
0.00056654 2.154601
0.00056667 2.151606
0.00056680 2.148611
0.00056693 2.145616
0.00056706 2.142622
0.00056719 2.139627
0.00056732 2.136632
0.00056745 2.133637
0.00056758 2.130642
0.00056771 2.127648
0.00056784 2.124653
0.00056797 2.121658
0.00056810 2.118663
0.00056823 2.115668
0.00056836 2.112674
0.00056849 2.109679
0.00056862 2.106684
0.00056875 2.103689
0.00056888 2.100694
0.00058503 2.499002
0.00058516 2.496007
0.00058529 2.493012
0.00058542 2.490017
0.00058555 2.487023
0.00058568 2.484028
0.00058581 2.481033
0.00058594 2.478038
0.00058607 2.475043
0.00058620 2.472049
0.00058633 2.469054
0.00058646 2.466059
0.00058659 2.463064
0.00058672 2.460069
0.00058685 2.457075
0.00058698 2.454080
0.00058711 2.451085
0.00058724 2.448090
0.00058737 2.445095
0.00058750 2.442101
0.00058763 2.439106
0.00058776 2.436111
0.00058789 2.433116
0.00058802 2.430122
0.00058815 2.427127
0.00058828 2.424132
0.00058841 2.421137
0.00058854 2.418142
0.00058867 2.415148
0.00058880 2.412153
0.00058893 2.409158
0.00058906 2.406163
0.00058919 2.403168
0.00058932 2.400174
0.00058945 2.397179
0.00058958 2.394184
0.00058971 2.391189
0.00058984 2.388194
0.00058997 2.385200
0.00059010 2.382205
0.00059023 2.379210
0.00059036 2.376215
0.00059049 2.373220
0.00059062 2.370226
0.00059076 2.367231
0.00059089 2.364236
0.00059102 2.361241
0.00059115 2.358247
0.00059128 2.355252
0.00059141 2.352257
0.00059154 2.349262
0.00059167 2.346267
0.00059180 2.343273
0.00059193 2.340278
0.00059206 2.337283
0.00059219 2.334288
0.00059232 2.331293
0.00059245 2.328299
0.00059258 2.325304
0.00059271 2.322309
0.00059284 2.319314
0.00059297 2.316319
0.00059310 2.313325
0.00059323 2.310330
0.00059336 2.307335
0.00059349 2.304340
0.00059362 2.301345
0.00059375 2.298351
0.00059388 2.295356
0.00059401 2.292361
0.00059414 2.289366
0.00059427 2.286372
0.00059440 2.283377
0.00059453 2.280382
0.00059466 2.277387
0.00059479 2.274392
0.00059492 2.271398
0.00059505 2.268403
0.00059518 2.265408
0.00059531 2.262413
0.00059544 2.259418
0.00059557 2.256424
0.00059570 2.253429
0.00059583 2.250434
0.00059596 2.247439
0.00059609 2.244444
0.00059622 2.241450
0.00059635 2.238455
0.00059648 2.235460
0.00059661 2.232465
0.00059674 2.229470
0.00059687 2.226476
0.00059701 2.223481
0.00059714 2.220486
0.00059727 2.217491
0.00059740 2.214497
0.00059753 2.211502
0.00059766 2.208507
0.00059779 2.205512
0.00059792 2.202517
0.00059805 2.199523
0.00059818 2.196528
0.00059831 2.193533
0.00059844 2.190538
0.00059857 2.187543
0.00059870 2.184549
0.00059883 2.181554
0.00059896 2.178559
0.00059909 2.175564
0.00059922 2.172569
0.00059935 2.169575
0.00059948 2.166580
0.00059961 2.163585
0.00059974 2.160590
0.00059987 2.157595
0.00060000 2.154601
0.00060013 2.151606
0.00060026 2.148611
0.00060039 2.145616
0.00060052 2.142622
0.00060065 2.139627
0.00060078 2.136632
0.00060091 2.133637
0.00060104 2.130642
0.00060117 2.127648
0.00060130 2.124653
0.00060143 2.121658
0.00060156 2.118663
0.00060169 2.115668
0.00060182 2.112674
0.00060195 2.109679
0.00060208 2.106684
0.00060221 2.103689
0.00060234 2.100694
0.00061849 2.499002
0.00061862 2.496007
0.00061875 2.493012
0.00061888 2.490017
0.00061901 2.487023
0.00061914 2.484028
0.00061927 2.481033
0.00061940 2.478038
0.00061953 2.475043
0.00061966 2.472049
0.00061979 2.469054
0.00061992 2.466059
0.00062005 2.463064
0.00062018 2.460069
0.00062031 2.457075
0.00062044 2.454080
0.00062057 2.451085
0.00062070 2.448090
0.00062083 2.445095
0.00062096 2.442101
0.00062109 2.439106
0.00062122 2.436111
0.00062135 2.433116
0.00062148 2.430122
0.00062161 2.427127
0.00062174 2.424132
0.00062187 2.421137
0.00062201 2.418142
0.00062214 2.415148
0.00062227 2.412153
0.00062240 2.409158
0.00062253 2.406163
0.00062266 2.403168
0.00062279 2.400174
0.00062292 2.397179
0.00062305 2.394184
0.00062318 2.391189
0.00062331 2.388194
0.00062344 2.385200
0.00062357 2.382205
0.00062370 2.379210
0.00062383 2.376215
0.00062396 2.373220
0.00062409 2.370226
0.00062422 2.367231
0.00062435 2.364236
0.00062448 2.361241
0.00062461 2.358247
0.00062474 2.355252
0.00062487 2.352257
0.00062500 2.349262
0.00062513 2.346267
0.00062526 2.343273
0.00062539 2.340278
0.00062552 2.337283
0.00062565 2.334288
0.00062578 2.331293
0.00062591 2.328299
0.00062604 2.325304
0.00062617 2.322309
0.00062630 2.319314
0.00062643 2.316319
0.00062656 2.313325
0.00062669 2.310330
0.00062682 2.307335
0.00062695 2.304340
0.00062708 2.301345
0.00062721 2.298351
0.00062734 2.295356
0.00062747 2.292361
0.00062760 2.289366
0.00062773 2.286372
0.00062786 2.283377
0.00062799 2.280382
0.00062812 2.277387
0.00062826 2.274392
0.00062839 2.271398
0.00062852 2.268403
0.00062865 2.265408
0.00062878 2.262413
0.00062891 2.259418
0.00062904 2.256424
0.00062917 2.253429
0.00062930 2.250434
0.00062943 2.247439
0.00062956 2.244444
0.00062969 2.241450
0.00062982 2.238455
0.00062995 2.235460
0.00063008 2.232465
0.00063021 2.229470
0.00063034 2.226476
0.00063047 2.223481
0.00063060 2.220486
0.00063073 2.217491
0.00063086 2.214497
0.00063099 2.211502
0.00063112 2.208507
0.00063125 2.205512
0.00063138 2.202517
0.00063151 2.199523
0.00063164 2.196528
0.00063177 2.193533
0.00063190 2.190538
0.00063203 2.187543
0.00063216 2.184549
0.00063229 2.181554
0.00063242 2.178559
0.00063255 2.175564
0.00063268 2.172569
0.00063281 2.169575
0.00063294 2.166580
0.00063307 2.163585
0.00063320 2.160590
0.00063333 2.157595
0.00063346 2.154601
0.00063359 2.151606
0.00063372 2.148611
0.00063385 2.145616
0.00063398 2.142622
0.00063411 2.139627
0.00063424 2.136632
0.00063437 2.133637
0.00063451 2.130642
0.00063464 2.127648
0.00063477 2.124653
0.00063490 2.121658
0.00063503 2.118663
0.00063516 2.115668
0.00063529 2.112674
0.00063542 2.109679
0.00063555 2.106684
0.00063568 2.103689
0.00063581 2.100694
0.00065195 2.499002
0.00065208 2.496007
0.00065221 2.493012
0.00065234 2.490017
0.00065247 2.487023
0.00065260 2.484028
0.00065273 2.481033
0.00065286 2.478038
0.00065299 2.475043
0.00065312 2.472049
0.00065326 2.469054
0.00065339 2.466059
0.00065352 2.463064
0.00065365 2.460069
0.00065378 2.457075
0.00065391 2.454080
0.00065404 2.451085
0.00065417 2.448090
0.00065430 2.445095
0.00065443 2.442101
0.00065456 2.439106
0.00065469 2.436111
0.00065482 2.433116
0.00065495 2.430122
0.00065508 2.427127
0.00065521 2.424132
0.00065534 2.421137
0.00065547 2.418142
0.00065560 2.415148
0.00065573 2.412153
0.00065586 2.409158
0.00065599 2.406163
0.00065612 2.403168
0.00065625 2.400174
0.00065638 2.397179
0.00065651 2.394184
0.00065664 2.391189
0.00065677 2.388194
0.00065690 2.385200
0.00065703 2.382205
0.00065716 2.379210
0.00065729 2.376215
0.00065742 2.373220
0.00065755 2.370226
0.00065768 2.367231
0.00065781 2.364236
0.00065794 2.361241
0.00065807 2.358247
0.00065820 2.355252
0.00065833 2.352257
0.00065846 2.349262
0.00065859 2.346267
0.00065872 2.343273
0.00065885 2.340278
0.00065898 2.337283
0.00065911 2.334288
0.00065924 2.331293
0.00065937 2.328299
0.00065951 2.325304
0.00065964 2.322309
0.00065977 2.319314
0.00065990 2.316319
0.00066003 2.313325
0.00066016 2.310330
0.00066029 2.307335
0.00066042 2.304340
0.00066055 2.301345
0.00066068 2.298351
0.00066081 2.295356
0.00066094 2.292361
0.00066107 2.289366
0.00066120 2.286372
0.00066133 2.283377
0.00066146 2.280382
0.00066159 2.277387
0.00066172 2.274392
0.00066185 2.271398
0.00066198 2.268403
0.00066211 2.265408
0.00066224 2.262413
0.00066237 2.259418
0.00066250 2.256424
0.00066263 2.253429
0.00066276 2.250434
0.00066289 2.247439
0.00066302 2.244444
0.00066315 2.241450
0.00066328 2.238455
0.00066341 2.235460
0.00066354 2.232465
0.00066367 2.229470
0.00066380 2.226476
0.00066393 2.223481
0.00066406 2.220486
0.00066419 2.217491
0.00066432 2.214497
0.00066445 2.211502
0.00066458 2.208507
0.00066471 2.205512
0.00066484 2.202517
0.00066497 2.199523
0.00066510 2.196528
0.00066523 2.193533
0.00066536 2.190538
0.00066549 2.187543
0.00066562 2.184549
0.00066576 2.181554
0.00066589 2.178559
0.00066602 2.175564
0.00066615 2.172569
0.00066628 2.169575
0.00066641 2.166580
0.00066654 2.163585
0.00066667 2.160590
0.00066680 2.157595
0.00066693 2.154601
0.00066706 2.151606
0.00066719 2.148611
0.00066732 2.145616
0.00066745 2.142622
0.00066758 2.139627
0.00066771 2.136632
0.00066784 2.133637
0.00066797 2.130642
0.00066810 2.127648
0.00066823 2.124653
0.00066836 2.121658
0.00066849 2.118663
0.00066862 2.115668
0.00066875 2.112674
0.00066888 2.109679
0.00066901 2.106684
0.00066914 2.103689
0.00066927 2.100694
0.00068542 2.499002
0.00068555 2.496007
0.00068568 2.493012
0.00068581 2.490017
0.00068594 2.487023
0.00068607 2.484028
0.00068620 2.481033
0.00068633 2.478038
0.00068646 2.475043
0.00068659 2.472049
0.00068672 2.469054
0.00068685 2.466059
0.00068698 2.463064
0.00068711 2.460069
0.00068724 2.457075
0.00068737 2.454080
0.00068750 2.451085
0.00068763 2.448090
0.00068776 2.445095
0.00068789 2.442101
0.00068802 2.439106
0.00068815 2.436111
0.00068828 2.433116
0.00068841 2.430122
0.00068854 2.427127
0.00068867 2.424132
0.00068880 2.421137
0.00068893 2.418142
0.00068906 2.415148
0.00068919 2.412153
0.00068932 2.409158
0.00068945 2.406163
0.00068958 2.403168
0.00068971 2.400174
0.00068984 2.397179
0.00068997 2.394184
0.00069010 2.391189
0.00069023 2.388194
0.00069036 2.385200
0.00069049 2.382205
0.00069062 2.379210
0.00069076 2.376215
0.00069089 2.373220
0.00069102 2.370226
0.00069115 2.367231
0.00069128 2.364236
0.00069141 2.361241
0.00069154 2.358247
0.00069167 2.355252
0.00069180 2.352257
0.00069193 2.349262
0.00069206 2.346267
0.00069219 2.343273
0.00069232 2.340278
0.00069245 2.337283
0.00069258 2.334288
0.00069271 2.331293
0.00069284 2.328299
0.00069297 2.325304
0.00069310 2.322309
0.00069323 2.319314
0.00069336 2.316319
0.00069349 2.313325
0.00069362 2.310330
0.00069375 2.307335
0.00069388 2.304340
0.00069401 2.301345
0.00069414 2.298351
0.00069427 2.295356
0.00069440 2.292361
0.00069453 2.289366
0.00069466 2.286372
0.00069479 2.283377
0.00069492 2.280382
0.00069505 2.277387
0.00069518 2.274392
0.00069531 2.271398
0.00069544 2.268403
0.00069557 2.265408
0.00069570 2.262413
0.00069583 2.259418
0.00069596 2.256424
0.00069609 2.253429
0.00069622 2.250434
0.00069635 2.247439
0.00069648 2.244444
0.00069661 2.241450
0.00069674 2.238455
0.00069687 2.235460
0.00069701 2.232465
0.00069714 2.229470
0.00069727 2.226476
0.00069740 2.223481
0.00069753 2.220486
0.00069766 2.217491
0.00069779 2.214497
0.00069792 2.211502
0.00069805 2.208507
0.00069818 2.205512
0.00069831 2.202517
0.00069844 2.199523
0.00069857 2.196528
0.00069870 2.193533
0.00069883 2.190538
0.00069896 2.187543
0.00069909 2.184549
0.00069922 2.181554
0.00069935 2.178559
0.00069948 2.175564
0.00069961 2.172569
0.00069974 2.169575
0.00069987 2.166580
0.00070000 2.163585
0.00070013 2.160590
0.00070026 2.157595
0.00070039 2.154601
0.00070052 2.151606
0.00070065 2.148611
0.00070078 2.145616
0.00070091 2.142622
0.00070104 2.139627
0.00070117 2.136632
0.00070130 2.133637
0.00070143 2.130642
0.00070156 2.127648
0.00070169 2.124653
0.00070182 2.121658
0.00070195 2.118663
0.00070208 2.115668
0.00070221 2.112674
0.00070234 2.109679
0.00070247 2.106684
0.00070260 2.103689
0.00070273 2.100694
