0.00000013 1.989076
0.00000026 1.992331
0.00000039 1.995586
0.00000052 1.998842
0.00000065 2.002097
0.00000078 2.005352
0.00000091 2.008607
0.00000104 2.011863
0.00000117 2.015118
0.00000130 2.018373
0.00000143 2.021628
0.00000156 2.024883
0.00000169 2.028139
0.00000182 2.031394
0.00000195 2.034649
0.00000208 2.037904
0.00000221 2.041159
0.00000234 2.044415
0.00000247 2.047670
0.00000260 2.050925
0.00000273 2.054180
0.00000286 2.057435
0.00000299 2.060691
0.00000313 2.063946
0.00000326 2.067201
0.00000339 2.070456
0.00000352 2.073711
0.00000365 2.076967
0.00000378 2.080222
0.00000391 2.083477
0.00000404 2.086732
0.00000417 2.089988
0.00000430 2.093243
0.00000443 2.096498
0.00000456 2.099753
0.00000469 2.103008
0.00000482 2.106264
0.00000495 2.109519
0.00000508 2.112774
0.00000521 2.116029
0.00000534 2.119284
0.00000547 2.122540
0.00000560 2.125795
0.00000573 2.129050
0.00000586 2.132305
0.00000599 2.135560
0.00000612 2.138816
0.00000625 2.142071
0.00000638 2.145326
0.00000651 2.148581
0.00000664 2.151836
0.00000677 2.155092
0.00000690 2.158347
0.00000703 2.161602
0.00000716 2.164857
0.00000729 2.168113
0.00000742 2.171368
0.00000755 2.174623
0.00000768 2.177878
0.00000781 2.181133
0.00000794 2.184389
0.00000807 2.187644
0.00000820 2.190899
0.00000833 2.194154
0.00000846 2.197409
0.00000859 2.200665
0.00000872 2.203920
0.00000885 2.207175
0.00000898 2.210430
0.00000911 2.213685
0.00000924 2.216941
0.00000937 2.220196
0.00000951 2.223451
0.00000964 2.226706
0.00000977 2.229961
0.00000990 2.233217
0.00001003 2.236472
0.00001016 2.239727
0.00001029 2.242982
0.00001042 2.246238
0.00001055 2.249493
0.00001068 2.252748
0.00001081 2.256003
0.00001094 2.259258
0.00001107 2.262514
0.00001120 2.265769
0.00001133 2.269024
0.00001146 2.272279
0.00001159 2.275534
0.00001172 2.278790
0.00001185 2.282045
0.00001198 2.285300
0.00001211 2.288555
0.00001224 2.291810
0.00001237 2.295066
0.00001250 2.298321
0.00001263 2.301576
0.00001276 2.304831
0.00001289 2.308086
0.00001302 2.311342
0.00001315 2.314597
0.00001328 2.317852
0.00001341 2.321107
0.00001354 2.324363
0.00001367 2.327618
0.00001380 2.330873
0.00001393 2.334128
0.00001406 2.337383
0.00001419 2.340639
0.00001432 2.343894
0.00001445 2.347149
0.00001458 2.350404
0.00001471 2.353659
0.00001484 2.356915
0.00001497 2.360170
0.00001510 2.363425
0.00001523 2.366680
0.00001536 2.369935
0.00001549 2.373191
0.00001562 2.376446
0.00001576 2.379701
0.00001589 2.382956
0.00001602 2.386211
0.00001615 2.389467
0.00001628 2.392722
0.00001641 2.395977
0.00001654 2.399232
0.00001667 2.402488
0.00001680 2.405743
0.00001693 2.408998
0.00001706 2.412253
0.00001719 2.415508
0.00001732 2.418764
0.00001745 2.422019
0.00001758 2.425274
0.00001771 2.428529
0.00001784 2.431784
0.00001797 2.435040
0.00001810 2.438295
0.00001823 2.441550
0.00001836 2.444805
0.00001849 2.448060
0.00001862 2.451316
0.00001875 2.454571
0.00001888 2.457826
0.00001901 2.461081
0.00001914 2.464336
0.00001927 2.467592
0.00001940 2.470847
0.00001953 2.474102
0.00001966 2.477357
0.00001979 2.480613
0.00001992 2.483868
0.00002005 2.487123
0.00002018 2.490378
0.00002031 2.493633
0.00002044 2.496889
0.00002057 2.500144
0.00002070 2.503399
0.00002083 2.506654
0.00002096 2.509909
0.00002109 2.513165
0.00002122 2.516420
0.00002135 2.519675
0.00002148 2.522930
0.00002161 2.526185
0.00002174 2.529441
0.00002187 2.532696
0.00002201 2.535951
0.00002214 2.539206
0.00002227 2.542461
0.00002240 2.545717
0.00002253 2.548972
0.00002266 2.552227
0.00002279 2.555482
0.00002292 2.558738
0.00002305 2.561993
0.00002318 2.565248
0.00002331 2.568503
0.00002344 2.571758
0.00002357 2.575014
0.00002370 2.578269
0.00002383 2.581524
0.00002396 2.584779
0.00002409 2.588034
0.00002422 2.591290
0.00002435 2.594545
0.00002448 2.597800
0.00002461 2.601055
0.00002474 2.604310
0.00002487 2.607566
0.00002500 2.610821
0.00002513 2.614076
0.00002526 2.617331
0.00002539 2.620586
0.00002552 2.623842
0.00002565 2.627097
0.00002578 2.630352
0.00002591 2.633607
0.00002604 2.636863
0.00002617 2.640118
0.00002630 2.643373
0.00002643 2.646628
0.00002656 2.649883
0.00002669 2.653139
0.00002682 2.656394
0.00002695 2.659649
0.00002708 2.662904
0.00002721 2.666159
0.00002734 2.669415
0.00002747 2.672670
0.00002760 2.675925
0.00002773 2.679180
0.00002786 2.682435
0.00002799 2.685691
0.00002812 2.688946
0.00002826 2.692201
0.00002839 2.695456
0.00002852 2.698711
0.00002865 2.701967
0.00002878 2.705222
0.00002891 2.708477
0.00002904 2.711732
0.00002917 2.714988
0.00002930 2.718243
0.00002943 2.721498
0.00002956 2.724753
0.00002969 2.728008
0.00002982 2.731264
0.00002995 2.734519
0.00003008 2.737774
0.00003021 2.741029
0.00003034 2.744284
0.00003047 2.747540
0.00003060 2.750795
0.00003073 2.754050
0.00003086 2.757305
0.00003099 2.760560
0.00003112 2.763816
0.00003125 2.767071
0.00003138 2.770326
0.00003151 2.773581
0.00003164 2.776836
0.00003177 2.780092
0.00003190 2.783347
0.00003203 2.786602
0.00003216 2.789857
0.00003229 2.793113
0.00003242 2.796368
0.00003255 2.799623
0.00003268 2.802878
0.00003281 2.806133
0.00003294 2.809389
0.00003307 2.812644
0.00003320 2.815899
0.00003333 2.819154
0.00003346 2.822409
0.00003359 2.822409
0.00003372 2.825665
0.00003385 2.828920
0.00003398 2.832175
0.00003411 2.835430
0.00003424 2.838685
0.00003437 2.841941
0.00003451 2.845196
0.00003464 2.848451
0.00003477 2.851706
0.00003490 2.854961
0.00003503 2.858217
0.00003516 2.861472
0.00003529 2.864727
0.00003542 2.867982
0.00003555 2.871238
0.00003568 2.874493
0.00003581 2.877748
0.00003594 2.881003
0.00003607 2.884258
0.00003620 2.887514
0.00003633 2.890769
0.00003646 2.894024
0.00003659 2.897279
0.00003672 2.900534
0.00003685 2.903790
0.00003698 2.907045
0.00003711 2.910300
0.00003724 2.913555
0.00003737 2.916810
0.00003750 2.920066
0.00003763 2.923321
0.00003776 2.926576
0.00003789 2.929831
0.00003802 2.933086
0.00003815 2.936342
0.00003828 2.939597
0.00003841 2.942852
0.00003854 2.946107
0.00003867 2.949363
0.00003880 2.952618
0.00003893 2.955873
0.00003906 2.959128
0.00003919 2.962383
0.00003932 2.965639
0.00003945 2.968894
0.00003958 2.972149
0.00003971 2.975404
0.00003984 2.978659
0.00003997 2.981915
0.00004010 2.985170
0.00004023 2.988425
0.00004036 2.991680
0.00004049 2.994935
0.00004062 2.998191
0.00006706 1.688515
0.00006719 1.691770
0.00006732 1.695025
0.00006745 1.698280
0.00006758 1.701535
0.00006771 1.704791
0.00006784 1.708046
0.00006797 1.711301
0.00006810 1.714556
0.00006823 1.717811
0.00006836 1.721067
0.00006849 1.724322
0.00006862 1.727577
0.00006875 1.730832
0.00006888 1.734087
0.00006901 1.737343
0.00006914 1.740598
0.00006927 1.743853
0.00006940 1.747108
0.00006953 1.750363
0.00006966 1.753619
0.00006979 1.756874
0.00006992 1.760129
0.00007005 1.763384
0.00007018 1.766640
0.00007031 1.769895
0.00007044 1.773150
0.00007057 1.776405
0.00007070 1.779660
0.00007083 1.782916
0.00007096 1.786171
0.00007109 1.789426
0.00007122 1.792681
0.00007135 1.795936
0.00007148 1.799192
0.00007161 1.802447
0.00007174 1.805702
0.00007187 1.808957
0.00007201 1.812212
0.00007214 1.815468
0.00007227 1.818723
0.00007240 1.821978
0.00007253 1.825233
0.00007266 1.828488
0.00007279 1.831744
0.00007292 1.834999
0.00007305 1.838254
0.00007318 1.841509
0.00007331 1.844765
0.00007344 1.848020
0.00007357 1.851275
0.00007370 1.854530
0.00007383 1.857785
0.00007396 1.861041
0.00007409 1.864296
0.00007422 1.867551
0.00007435 1.870806
0.00007448 1.874061
0.00007461 1.877317
0.00007474 1.880572
0.00007487 1.883827
0.00007500 1.887082
0.00007513 1.890337
0.00007526 1.893593
0.00007539 1.896848
0.00007552 1.900103
0.00007565 1.903358
0.00007578 1.906613
0.00007591 1.909869
0.00007604 1.913124
0.00007617 1.916379
0.00007630 1.919634
0.00007643 1.922890
0.00007656 1.926145
0.00007669 1.929400
0.00007682 1.932655
0.00007695 1.935910
0.00007708 1.939166
0.00007721 1.942421
0.00007734 1.945676
0.00007747 1.948931
0.00007760 1.952186
0.00007773 1.955442
0.00007786 1.958697
0.00007799 1.961952
0.00007812 1.965207
0.00007826 1.968462
0.00007839 1.971718
0.00007852 1.974973
0.00007865 1.978228
0.00007878 1.981483
0.00007891 1.984738
0.00007904 1.987994
0.00007917 1.991249
0.00007930 1.994504
0.00007943 1.997759
0.00007956 2.001015
0.00007969 2.004270
0.00007982 2.007525
0.00007995 2.010780
0.00008008 2.014035
0.00008021 2.017291
0.00008034 2.020546
0.00008047 2.023801
0.00008060 2.027056
0.00008073 2.030311
0.00008086 2.033567
0.00008099 2.036822
0.00008112 2.040077
0.00008125 2.043332
0.00008138 2.046587
0.00008151 2.049843
0.00008164 2.053098
0.00008177 2.056353
0.00008190 2.059608
0.00008203 2.062863
0.00008216 2.066119
0.00008229 2.069374
0.00008242 2.072629
0.00008255 2.075884
0.00008268 2.079140
0.00008281 2.082395
0.00008294 2.085650
0.00008307 2.088905
0.00008320 2.092160
0.00008333 2.095416
0.00008346 2.098671
0.00008359 2.101926
0.00008372 2.105181
0.00008385 2.108436
0.00008398 2.111692
0.00008411 2.114947
0.00008424 2.118202
0.00008437 2.121457
0.00008451 2.124712
0.00008464 2.127968
0.00008477 2.131223
0.00008490 2.134478
0.00008503 2.137733
0.00008516 2.140988
0.00008529 2.144244
0.00008542 2.147499
0.00008555 2.150754
0.00008568 2.154009
0.00008581 2.157265
0.00008594 2.160520
0.00008607 2.163775
0.00008620 2.167030
0.00008633 2.170285
0.00008646 2.173541
0.00008659 2.176796
0.00008672 2.180051
0.00008685 2.183306
0.00008698 2.186561
0.00008711 2.189817
0.00008724 2.193072
0.00008737 2.196327
0.00008750 2.199582
0.00008763 2.202837
0.00008776 2.206093
0.00008789 2.209348
0.00008802 2.212603
0.00008815 2.215858
0.00008828 2.219113
0.00008841 2.222369
0.00008854 2.225624
0.00008867 2.228879
0.00008880 2.232134
0.00008893 2.235390
0.00008906 2.238645
0.00008919 2.241900
0.00008932 2.245155
0.00008945 2.248410
0.00008958 2.251666
0.00008971 2.254921
0.00008984 2.258176
0.00008997 2.261431
0.00009010 2.264686
0.00009023 2.267942
0.00009036 2.271197
0.00009049 2.274452
0.00009062 2.277707
0.00009076 2.280962
0.00009089 2.284218
0.00009102 2.287473
0.00009115 2.290728
0.00009128 2.293983
0.00009141 2.297238
0.00009154 2.300494
0.00009167 2.303749
0.00009180 2.307004
0.00009193 2.310259
0.00009206 2.313515
0.00009219 2.316770
0.00009232 2.320025
0.00009245 2.323280
0.00009258 2.326535
0.00009271 2.329791
0.00009284 2.333046
0.00009297 2.336301
0.00009310 2.339556
0.00009323 2.342811
0.00009336 2.346067
0.00009349 2.349322
0.00009362 2.352577
0.00009375 2.355832
0.00009388 2.359087
0.00009401 2.362343
0.00009414 2.365598
0.00009427 2.368853
0.00009440 2.372108
0.00009453 2.375363
0.00009466 2.378619
0.00009479 2.381874
0.00009492 2.385129
0.00009505 2.388384
0.00009518 2.391640
0.00009531 2.394895
0.00009544 2.398150
0.00009557 2.401405
0.00009570 2.404660
0.00009583 2.407916
0.00009596 2.411171
0.00009609 2.414426
0.00009622 2.417681
0.00009635 2.420936
0.00009648 2.424192
0.00009661 2.427447
0.00009674 2.430702
0.00009687 2.433957
0.00009701 2.437212
0.00009714 2.440468
0.00009727 2.443723
0.00009740 2.446978
0.00009753 2.450233
0.00009766 2.453488
0.00009779 2.456744
0.00009792 2.459999
0.00009805 2.463254
0.00009818 2.466509
0.00009831 2.469765
0.00009844 2.473020
0.00009857 2.476275
0.00009870 2.479530
0.00009883 2.482785
0.00009896 2.486041
0.00009909 2.489296
0.00009922 2.492551
0.00009935 2.495806
0.00009948 2.499061
0.00009961 2.502317
0.00009974 2.505572
0.00009987 2.508827
0.00010000 2.512082
0.00010013 2.515337
0.00010026 2.518593
0.00010039 2.521848
0.00010052 2.521848
0.00010065 2.525103
0.00010078 2.528358
0.00010091 2.531613
0.00010104 2.534869
0.00010117 2.538124
0.00010130 2.541379
0.00010143 2.544634
0.00010156 2.547890
0.00010169 2.551145
0.00010182 2.554400
0.00010195 2.557655
0.00010208 2.560910
0.00010221 2.564166
0.00010234 2.567421
0.00010247 2.570676
0.00010260 2.573931
0.00010273 2.577186
0.00010286 2.580442
0.00010299 2.583697
0.00010312 2.586952
0.00010326 2.590207
0.00010339 2.593462
0.00010352 2.596718
0.00010365 2.599973
0.00010378 2.603228
0.00010391 2.606483
0.00010404 2.609738
0.00010417 2.612994
0.00010430 2.616249
0.00010443 2.619504
0.00010456 2.622759
0.00010469 2.626015
0.00010482 2.629270
0.00010495 2.632525
0.00010508 2.635780
0.00010521 2.639035
0.00010534 2.642291
0.00010547 2.645546
0.00010560 2.648801
0.00010573 2.652056
0.00010586 2.655311
0.00010599 2.658567
0.00010612 2.661822
0.00010625 2.665077
0.00010638 2.668332
0.00010651 2.671587
0.00010664 2.674843
0.00010677 2.678098
0.00010690 2.681353
0.00010703 2.684608
0.00010716 2.687863
0.00010729 2.691119
0.00010742 2.694374
0.00010755 2.697629
0.00010768 2.700884
0.00010781 2.704140
0.00010794 2.707395
0.00010807 2.710650
0.00010820 2.713905
0.00010833 2.717160
0.00010846 2.720416
0.00010859 2.723671
0.00010872 2.726926
0.00010885 2.730181
0.00010898 2.733436
0.00010911 2.736692
0.00010924 2.739947
0.00010937 2.743202
0.00010951 2.746457
0.00010964 2.749712
0.00010977 2.752968
0.00010990 2.756223
0.00011003 2.759478
0.00011016 2.762733
0.00011029 2.765988
0.00011042 2.769244
0.00011055 2.772499
0.00011068 2.775754
0.00011081 2.779009
0.00011094 2.782265
0.00011107 2.785520
0.00011120 2.788775
0.00011133 2.792030
0.00011146 2.795285
0.00011159 2.798541
0.00011172 2.801796
0.00011185 2.805051
0.00011198 2.808306
0.00011211 2.811561
0.00011224 2.814817
0.00011237 2.818072
0.00011250 2.821327
0.00011263 2.824582
0.00011276 2.827837
0.00011289 2.831093
0.00011302 2.834348
0.00011315 2.837603
0.00011328 2.840858
0.00011341 2.844113
0.00011354 2.847369
0.00011367 2.850624
0.00011380 2.853879
0.00011393 2.857134
0.00011406 2.860390
0.00011419 2.863645
0.00011432 2.866900
0.00011445 2.870155
0.00011458 2.873410
0.00011471 2.876666
0.00011484 2.879921
0.00011497 2.883176
0.00011510 2.886431
0.00011523 2.889686
0.00011536 2.892942
0.00011549 2.896197
0.00011562 2.899452
0.00011576 2.902707
0.00011589 2.905962
0.00011602 2.909218
0.00011615 2.912473
0.00011628 2.915728
0.00011641 2.918983
0.00011654 2.922238
0.00011667 2.925494
0.00011680 2.928749
0.00011693 2.932004
0.00011706 2.935259
0.00011719 2.938515
0.00011732 2.941770
0.00011745 2.945025
0.00011758 2.948280
0.00011771 2.951535
0.00011784 2.954791
0.00011797 2.958046
0.00011810 2.961301
0.00011823 2.964556
0.00011836 2.967811
0.00011849 2.971067
0.00011862 2.974322
0.00011875 2.977577
0.00011888 2.980832
0.00011901 2.984087
0.00011914 2.987343
0.00011927 2.990598
0.00011940 2.993853
0.00011953 2.997108
0.00013398 2.289638
0.00013411 2.292893
0.00013424 2.296148
0.00013438 2.299403
0.00013451 2.302658
0.00013464 2.305914
0.00013477 2.309169
0.00013490 2.312424
0.00013503 2.315679
0.00013516 2.318935
0.00013529 2.322190
0.00013542 2.325445
0.00013555 2.328700
0.00013568 2.331955
0.00013581 2.335211
0.00013594 2.338466
0.00013607 2.341721
0.00013620 2.344976
0.00013633 2.348231
0.00013646 2.351487
0.00013659 2.354742
0.00013672 2.357997
0.00013685 2.361252
0.00013698 2.364507
0.00013711 2.367763
0.00013724 2.371018
0.00013737 2.374273
0.00013750 2.377528
0.00013763 2.380783
0.00013776 2.384039
0.00013789 2.387294
0.00013802 2.390549
0.00013815 2.393804
0.00013828 2.397060
0.00013841 2.400315
0.00013854 2.403570
0.00013867 2.406825
0.00013880 2.410080
0.00013893 2.413336
0.00013906 2.416591
0.00013919 2.419846
0.00013932 2.423101
0.00013945 2.426356
0.00013958 2.429612
0.00013971 2.432867
0.00013984 2.436122
0.00013997 2.439377
0.00014010 2.442632
0.00014023 2.445888
0.00014036 2.449143
0.00014049 2.452398
0.00014063 2.455653
0.00014076 2.458908
0.00014089 2.462164
0.00014102 2.465419
0.00014115 2.468674
0.00014128 2.471929
0.00014141 2.475185
0.00014154 2.478440
0.00014167 2.481695
0.00014180 2.484950
0.00014193 2.488205
0.00014206 2.491461
0.00014219 2.494716
0.00014232 2.497971
0.00014245 2.501226
0.00014258 2.504481
0.00014271 2.507737
0.00014284 2.510992
0.00014297 2.514247
0.00014310 2.517502
0.00014323 2.520757
0.00014336 2.524013
0.00014349 2.527268
0.00014362 2.530523
0.00014375 2.533778
0.00014388 2.537033
0.00014401 2.540289
0.00014414 2.543544
0.00014427 2.546799
0.00014440 2.550054
0.00014453 2.553310
0.00014466 2.556565
0.00014479 2.559820
0.00014492 2.563075
0.00014505 2.566330
0.00014518 2.569586
0.00014531 2.572841
0.00014544 2.576096
0.00014557 2.579351
0.00014570 2.582606
0.00014583 2.585862
0.00014596 2.589117
0.00014609 2.592372
0.00014622 2.595627
0.00014635 2.598882
0.00014648 2.602138
0.00014661 2.605393
0.00014674 2.608648
0.00014688 2.611903
0.00014701 2.615158
0.00014714 2.618414
0.00014727 2.621669
0.00014740 2.624924
0.00014753 2.628179
0.00014766 2.631435
0.00014779 2.634690
0.00014792 2.637945
0.00014805 2.641200
0.00014818 2.644455
0.00014831 2.647711
0.00014844 2.650966
0.00014857 2.654221
0.00014870 2.657476
0.00014883 2.660731
0.00014896 2.663987
0.00014909 2.667242
0.00014922 2.670497
0.00014935 2.673752
0.00014948 2.677007
0.00014961 2.680263
0.00014974 2.683518
0.00014987 2.686773
0.00015000 2.690028
0.00015013 2.693283
0.00015026 2.696539
0.00015039 2.699794
0.00015052 2.703049
0.00015065 2.706304
0.00015078 2.709560
0.00015091 2.712815
0.00015104 2.716070
0.00015117 2.719325
0.00015130 2.722580
0.00015143 2.725836
0.00015156 2.729091
0.00015169 2.732346
0.00015182 2.735601
0.00015195 2.738856
0.00015208 2.742112
0.00015221 2.745367
0.00015234 2.748622
0.00015247 2.751877
0.00015260 2.755132
0.00015273 2.758388
0.00015286 2.761643
0.00015299 2.764898
0.00015313 2.768153
0.00015326 2.771408
0.00015339 2.774664
0.00015352 2.777919
0.00015365 2.781174
0.00015378 2.784429
0.00015391 2.787685
0.00015404 2.790940
0.00015417 2.794195
0.00015430 2.797450
0.00015443 2.800705
0.00015456 2.803961
0.00015469 2.807216
0.00015482 2.810471
0.00015495 2.813726
0.00015508 2.816981
0.00015521 2.820237
0.00015534 2.823492
0.00015547 2.826747
0.00015560 2.830002
0.00015573 2.833257
0.00015586 2.836513
0.00015599 2.839768
0.00015612 2.843023
0.00015625 2.846278
0.00015638 2.849533
0.00015651 2.852789
0.00015664 2.856044
0.00015677 2.859299
0.00015690 2.862554
0.00015703 2.865810
0.00015716 2.869065
0.00015729 2.872320
0.00015742 2.875575
0.00015755 2.878830
0.00015768 2.882086
0.00015781 2.885341
0.00015794 2.888596
0.00015807 2.891851
0.00015820 2.895106
0.00015833 2.898362
0.00015846 2.901617
0.00015859 2.904872
0.00015872 2.908127
0.00015885 2.911382
0.00015898 2.914638
0.00015911 2.917893
0.00015924 2.921148
0.00015938 2.924403
0.00015951 2.927658
0.00015964 2.930914
0.00015977 2.934169
0.00015990 2.937424
0.00016003 2.940679
0.00016016 2.943935
0.00016029 2.947190
0.00016042 2.950445
0.00016055 2.953700
0.00016068 2.956955
0.00016081 2.960211
0.00016094 2.963466
0.00016107 2.966721
0.00016120 2.969976
0.00016133 2.973231
0.00016146 2.976487
0.00016159 2.979742
0.00016172 2.982997
0.00016185 2.986252
0.00016198 2.989507
0.00016211 2.992763
0.00016224 2.996018
0.00016237 2.999273
0.00016745 2.754058
0.00016758 2.757313
0.00016771 2.760568
0.00016784 2.763824
0.00016797 2.767079
0.00016810 2.770334
0.00016823 2.773589
0.00016836 2.776844
0.00016849 2.780100
0.00016862 2.783355
0.00016875 2.786610
0.00016888 2.789865
0.00016901 2.793121
0.00016914 2.796376
0.00016927 2.799631
0.00016940 2.802886
0.00016953 2.806141
0.00016966 2.809397
0.00016979 2.812652
0.00016992 2.815907
0.00017005 2.819162
0.00017018 2.822417
0.00017031 2.825673
0.00017044 2.828928
0.00017057 2.832183
0.00017070 2.835438
0.00017083 2.838693
0.00017096 2.841949
0.00017109 2.845204
0.00017122 2.848459
0.00017135 2.851714
0.00017148 2.854969
0.00017161 2.858225
0.00017174 2.861480
0.00017188 2.864735
0.00017201 2.867990
0.00017214 2.871246
0.00017227 2.874501
0.00017240 2.877756
0.00017253 2.881011
0.00017266 2.884266
0.00017279 2.887522
0.00017292 2.890777
0.00017305 2.894032
0.00017318 2.897287
0.00017331 2.900542
0.00017344 2.903798
0.00017357 2.907053
0.00017370 2.910308
0.00017383 2.913563
0.00017396 2.916818
0.00017409 2.920074
0.00017422 2.923329
0.00017435 2.926584
0.00017448 2.929839
0.00017461 2.933094
0.00017474 2.936350
0.00017487 2.939605
0.00017500 2.942860
0.00017513 2.946115
0.00017526 2.949371
0.00017539 2.952626
0.00017552 2.955881
0.00017565 2.959136
0.00017578 2.962391
0.00017591 2.965647
0.00017604 2.968902
0.00017617 2.972157
0.00017630 2.975412
0.00017643 2.978667
0.00017656 2.981923
0.00017669 2.985178
0.00017682 2.988433
0.00017695 2.991688
0.00017708 2.994943
0.00017721 2.998199
0.00020091 1.825217
0.00020104 1.828473
0.00020117 1.831728
0.00020130 1.834983
0.00020143 1.838238
0.00020156 1.841493
0.00020169 1.844749
0.00020182 1.848004
0.00020195 1.851259
0.00020208 1.854514
0.00020221 1.857769
0.00020234 1.861025
0.00020247 1.864280
0.00020260 1.867535
0.00020273 1.870790
0.00020286 1.874045
0.00020299 1.877301
0.00020313 1.880556
0.00020326 1.883811
0.00020339 1.887066
0.00020352 1.890321
0.00020365 1.893577
0.00020378 1.896832
0.00020391 1.900087
0.00020404 1.903342
0.00020417 1.906598
0.00020430 1.909853
0.00020443 1.913108
0.00020456 1.916363
0.00020469 1.919618
0.00020482 1.922874
0.00020495 1.926129
0.00020508 1.929384
0.00020521 1.932639
0.00020534 1.935894
0.00020547 1.939150
0.00020560 1.942405
0.00020573 1.945660
0.00020586 1.948915
0.00020599 1.952170
0.00020612 1.955426
0.00020625 1.958681
0.00020638 1.961936
0.00020651 1.965191
0.00020664 1.968446
0.00020677 1.971702
0.00020690 1.974957
0.00020703 1.978212
0.00020716 1.981467
0.00020729 1.984723
0.00020742 1.987978
0.00020755 1.991233
0.00020768 1.994488
0.00020781 1.997743
0.00020794 2.000999
0.00020807 2.004254
0.00020820 2.007509
0.00020833 2.010764
0.00020846 2.014019
0.00020859 2.017275
0.00020872 2.020530
0.00020885 2.023785
0.00020898 2.027040
0.00020911 2.030295
0.00020924 2.033551
0.00020938 2.036806
0.00020951 2.040061
0.00020964 2.043316
0.00020977 2.046571
0.00020990 2.049827
0.00021003 2.053082
0.00021016 2.056337
0.00021029 2.059592
0.00021042 2.062848
0.00021055 2.066103
0.00021068 2.069358
0.00021081 2.072613
0.00021094 2.075868
0.00021107 2.079124
0.00021120 2.082379
0.00021133 2.085634
0.00021146 2.088889
0.00021159 2.092144
0.00021172 2.095400
0.00021185 2.098655
0.00021198 2.101910
0.00021211 2.105165
0.00021224 2.108420
0.00021237 2.111676
0.00021250 2.114931
0.00021263 2.118186
0.00021276 2.121441
0.00021289 2.124696
0.00021302 2.127952
0.00021315 2.131207
0.00021328 2.134462
0.00021341 2.137717
0.00021354 2.140973
0.00021367 2.144228
0.00021380 2.147483
0.00021393 2.150738
0.00021406 2.153993
0.00021419 2.157249
0.00021432 2.160504
0.00021445 2.163759
0.00021458 2.167014
0.00021471 2.170269
0.00021484 2.173525
0.00021497 2.176780
0.00021510 2.180035
0.00021523 2.183290
0.00021536 2.186545
0.00021549 2.189801
0.00021563 2.193056
0.00021576 2.196311
0.00021589 2.199566
0.00021602 2.202821
0.00021615 2.206077
0.00021628 2.209332
0.00021641 2.212587
0.00021654 2.215842
0.00021667 2.219098
0.00021680 2.222353
0.00021693 2.225608
0.00021706 2.228863
0.00021719 2.232118
0.00021732 2.235374
0.00021745 2.238629
0.00021758 2.241884
0.00021771 2.245139
0.00021784 2.248394
0.00021797 2.251650
0.00021810 2.254905
0.00021823 2.258160
0.00021836 2.261415
0.00021849 2.264670
0.00021862 2.267926
0.00021875 2.271181
0.00021888 2.274436
0.00021901 2.277691
0.00021914 2.280946
0.00021927 2.284202
0.00021940 2.287457
0.00021953 2.290712
0.00021966 2.293967
0.00021979 2.297223
0.00021992 2.300478
0.00022005 2.303733
0.00022018 2.306988
0.00022031 2.310243
0.00022044 2.313499
0.00022057 2.316754
0.00022070 2.320009
0.00022083 2.323264
0.00022096 2.326519
0.00022109 2.329775
0.00022122 2.333030
0.00022135 2.336285
0.00022148 2.339540
0.00022161 2.342795
0.00022174 2.346051
0.00022188 2.349306
0.00022201 2.352561
0.00022214 2.355816
0.00022227 2.359071
0.00022240 2.362327
0.00022253 2.365582
0.00022266 2.368837
0.00022279 2.372092
0.00022292 2.375348
0.00022305 2.378603
0.00022318 2.381858
0.00022331 2.385113
0.00022344 2.388368
0.00022357 2.391624
0.00022370 2.394879
0.00022383 2.398134
0.00022396 2.401389
0.00022409 2.404644
0.00022422 2.407900
0.00022435 2.411155
0.00022448 2.414410
0.00022461 2.417665
0.00022474 2.420920
0.00022487 2.424176
0.00022500 2.427431
0.00022513 2.430686
0.00022526 2.433941
0.00022539 2.437196
0.00022552 2.440452
0.00022565 2.443707
0.00022578 2.446962
0.00022591 2.450217
0.00022604 2.453473
0.00022617 2.456728
0.00022630 2.459983
0.00022643 2.463238
0.00022656 2.466493
0.00022669 2.469749
0.00022682 2.473004
0.00022695 2.476259
0.00022708 2.479514
0.00022721 2.482769
0.00022734 2.486025
0.00022747 2.489280
0.00022760 2.492535
0.00022773 2.495790
0.00022786 2.499045
0.00022799 2.502301
0.00022813 2.505556
0.00022826 2.508811
0.00022839 2.512066
0.00022852 2.515321
0.00022865 2.518577
0.00022878 2.521832
0.00022891 2.525087
0.00022904 2.528342
0.00022917 2.531598
0.00022930 2.534853
0.00022943 2.538108
0.00022956 2.541363
0.00022969 2.544618
0.00022982 2.547874
0.00022995 2.551129
0.00023008 2.554384
0.00023021 2.557639
0.00023034 2.560894
0.00023047 2.564150
0.00023060 2.567405
0.00023073 2.570660
0.00023086 2.573915
0.00023099 2.577170
0.00023112 2.580426
0.00023125 2.583681
0.00023138 2.586936
0.00023151 2.590191
0.00023164 2.593446
0.00023177 2.596702
0.00023190 2.599957
0.00023203 2.603212
0.00023216 2.606467
0.00023229 2.609723
0.00023242 2.612978
0.00023255 2.616233
0.00023268 2.619488
0.00023281 2.622743
0.00023294 2.625999
0.00023307 2.629254
0.00023320 2.632509
0.00023333 2.635764
0.00023346 2.639019
0.00023359 2.642275
0.00023372 2.645530
0.00023385 2.648785
0.00023398 2.652040
0.00023411 2.655295
0.00023424 2.658551
0.00023438 2.658551
0.00023451 2.661806
0.00023464 2.665061
0.00023477 2.668316
0.00023490 2.671571
0.00023503 2.674827
0.00023516 2.678082
0.00023529 2.681337
0.00023542 2.684592
0.00023555 2.687848
0.00023568 2.691103
0.00023581 2.694358
0.00023594 2.697613
0.00023607 2.700868
0.00023620 2.704124
0.00023633 2.707379
0.00023646 2.710634
0.00023659 2.713889
0.00023672 2.717144
0.00023685 2.720400
0.00023698 2.723655
0.00023711 2.726910
0.00023724 2.730165
0.00023737 2.733420
0.00023750 2.736676
0.00023763 2.739931
0.00023776 2.743186
0.00023789 2.746441
0.00023802 2.749696
0.00023815 2.752952
0.00023828 2.756207
0.00023841 2.759462
0.00023854 2.762717
0.00023867 2.765973
0.00023880 2.769228
0.00023893 2.772483
0.00023906 2.775738
0.00023919 2.778993
0.00023932 2.782249
0.00023945 2.785504
0.00023958 2.788759
0.00023971 2.792014
0.00023984 2.795269
0.00023997 2.798525
0.00024010 2.801780
0.00024023 2.805035
0.00024036 2.808290
0.00024049 2.811545
0.00024063 2.814801
0.00024076 2.818056
0.00024089 2.821311
0.00024102 2.824566
0.00024115 2.827821
0.00024128 2.831077
0.00024141 2.834332
0.00024154 2.837587
0.00024167 2.840842
0.00024180 2.844098
0.00024193 2.847353
0.00024206 2.850608
0.00024219 2.853863
0.00024232 2.857118
0.00024245 2.860374
0.00024258 2.863629
0.00024271 2.866884
0.00024284 2.870139
0.00024297 2.873394
0.00024310 2.876650
0.00024323 2.879905
0.00024336 2.883160
0.00024349 2.886415
0.00024362 2.889670
0.00024375 2.892926
0.00024388 2.896181
0.00024401 2.899436
0.00024414 2.902691
0.00024427 2.905946
0.00024440 2.909202
0.00024453 2.912457
0.00024466 2.915712
0.00024479 2.918967
0.00024492 2.922223
0.00024505 2.925478
0.00024518 2.928733
0.00024531 2.931988
0.00024544 2.935243
0.00024557 2.938499
0.00024570 2.941754
0.00024583 2.945009
0.00024596 2.948264
0.00024609 2.951519
0.00024622 2.954775
0.00024635 2.958030
0.00024648 2.961285
0.00024661 2.964540
0.00024674 2.967795
0.00024688 2.971051
0.00024701 2.974306
0.00024714 2.977561
0.00024727 2.980816
0.00024740 2.984071
0.00024753 2.987327
0.00024766 2.990582
0.00024779 2.993837
0.00024792 2.997092
0.00026784 2.016232
0.00026797 2.019487
0.00026810 2.022742
0.00026823 2.025998
0.00026836 2.029253
0.00026849 2.032508
0.00026862 2.035763
0.00026875 2.039018
0.00026888 2.042274
0.00026901 2.045529
0.00026914 2.048784
0.00026927 2.052039
0.00026940 2.055295
0.00026953 2.058550
0.00026966 2.061805
0.00026979 2.065060
0.00026992 2.068315
0.00027005 2.071571
0.00027018 2.074826
0.00027031 2.078081
0.00027044 2.081336
0.00027057 2.084591
0.00027070 2.087847
0.00027083 2.091102
0.00027096 2.094357
0.00027109 2.097612
0.00027122 2.100867
0.00027135 2.104123
0.00027148 2.107378
0.00027161 2.110633
0.00027174 2.113888
0.00027188 2.117143
0.00027201 2.120399
0.00027214 2.123654
0.00027227 2.126909
0.00027240 2.130164
0.00027253 2.133420
0.00027266 2.136675
0.00027279 2.139930
0.00027292 2.143185
0.00027305 2.146440
0.00027318 2.149696
0.00027331 2.152951
0.00027344 2.156206
0.00027357 2.159461
0.00027370 2.162716
0.00027383 2.165972
0.00027396 2.169227
0.00027409 2.172482
0.00027422 2.175737
0.00027435 2.178992
0.00027448 2.182248
0.00027461 2.185503
0.00027474 2.188758
0.00027487 2.192013
0.00027500 2.195268
0.00027513 2.198524
0.00027526 2.201779
0.00027539 2.205034
0.00027552 2.208289
0.00027565 2.211545
0.00027578 2.214800
0.00027591 2.218055
0.00027604 2.221310
0.00027617 2.224565
0.00027630 2.227821
0.00027643 2.231076
0.00027656 2.234331
0.00027669 2.237586
0.00027682 2.240841
0.00027695 2.244097
0.00027708 2.247352
0.00027721 2.250607
0.00027734 2.253862
0.00027747 2.257117
0.00027760 2.260373
0.00027773 2.263628
0.00027786 2.266883
0.00027799 2.270138
0.00027813 2.273393
0.00027826 2.276649
0.00027839 2.279904
0.00027852 2.283159
0.00027865 2.286414
0.00027878 2.289670
0.00027891 2.292925
0.00027904 2.296180
0.00027917 2.299435
0.00027930 2.302690
0.00027943 2.305946
0.00027956 2.309201
0.00027969 2.312456
0.00027982 2.315711
0.00027995 2.318966
0.00028008 2.322222
0.00028021 2.325477
0.00028034 2.328732
0.00028047 2.331987
0.00028060 2.335242
0.00028073 2.338498
0.00028086 2.341753
0.00028099 2.345008
0.00028112 2.348263
0.00028125 2.351518
0.00028138 2.354774
0.00028151 2.358029
0.00028164 2.361284
0.00028177 2.364539
0.00028190 2.367795
0.00028203 2.371050
0.00028216 2.374305
0.00028229 2.377560
0.00028242 2.380815
0.00028255 2.384071
0.00028268 2.387326
0.00028281 2.390581
0.00028294 2.393836
0.00028307 2.397091
0.00028320 2.400347
0.00028333 2.403602
0.00028346 2.406857
0.00028359 2.410112
0.00028372 2.413367
0.00028385 2.416623
0.00028398 2.419878
0.00028411 2.423133
0.00028424 2.426388
0.00028438 2.429643
0.00028451 2.432899
0.00028464 2.436154
0.00028477 2.439409
0.00028490 2.442664
0.00028503 2.445920
0.00028516 2.449175
0.00028529 2.452430
0.00028542 2.455685
0.00028555 2.458940
0.00028568 2.462196
0.00028581 2.465451
0.00028594 2.468706
0.00028607 2.471961
0.00028620 2.475216
0.00028633 2.478472
0.00028646 2.481727
0.00028659 2.484982
0.00028672 2.488237
0.00028685 2.491492
0.00028698 2.494748
0.00028711 2.498003
0.00028724 2.501258
0.00028737 2.504513
0.00028750 2.507768
0.00028763 2.511024
0.00028776 2.514279
0.00028789 2.517534
0.00028802 2.520789
0.00028815 2.524045
0.00028828 2.527300
0.00028841 2.530555
0.00028854 2.533810
0.00028867 2.537065
0.00028880 2.540321
0.00028893 2.543576
0.00028906 2.546831
0.00028919 2.550086
0.00028932 2.553341
0.00028945 2.556597
0.00028958 2.559852
0.00028971 2.563107
0.00028984 2.566362
0.00028997 2.569617
0.00029010 2.572873
0.00029023 2.576128
0.00029036 2.579383
0.00029049 2.582638
0.00029063 2.585893
0.00029076 2.589149
0.00029089 2.592404
0.00029102 2.595659
0.00029115 2.598914
0.00029128 2.602170
0.00029141 2.605425
0.00029154 2.608680
0.00029167 2.611935
0.00029180 2.615190
0.00029193 2.618446
0.00029206 2.621701
0.00029219 2.624956
0.00029232 2.628211
0.00029245 2.631466
0.00029258 2.634722
0.00029271 2.637977
0.00029284 2.641232
0.00029297 2.644487
0.00029310 2.647742
0.00029323 2.650998
0.00029336 2.654253
0.00029349 2.657508
0.00029362 2.660763
0.00029375 2.664018
0.00029388 2.667274
0.00029401 2.670529
0.00029414 2.673784
0.00029427 2.677039
0.00029440 2.680295
0.00029453 2.683550
0.00029466 2.686805
0.00029479 2.690060
0.00029492 2.693315
0.00029505 2.696571
0.00029518 2.699826
0.00029531 2.703081
0.00029544 2.706336
0.00029557 2.709591
0.00029570 2.712847
0.00029583 2.716102
0.00029596 2.719357
0.00029609 2.722612
0.00029622 2.725867
0.00029635 2.729123
0.00029648 2.732378
0.00029661 2.735633
0.00029674 2.738888
0.00029688 2.742143
0.00029701 2.745399
0.00029714 2.748654
0.00029727 2.751909
0.00029740 2.755164
0.00029753 2.758420
0.00029766 2.761675
0.00029779 2.764930
0.00029792 2.768185
0.00029805 2.771440
0.00029818 2.774696
0.00029831 2.777951
0.00029844 2.781206
0.00029857 2.784461
0.00029870 2.787716
0.00029883 2.790972
0.00029896 2.794227
0.00029909 2.797482
0.00029922 2.800737
0.00029935 2.803992
0.00029948 2.807248
0.00029961 2.810503
0.00029974 2.813758
0.00029987 2.817013
0.00030000 2.820268
0.00030013 2.823524
0.00030026 2.826779
0.00030039 2.830034
0.00030052 2.833289
0.00030065 2.836545
0.00030078 2.839800
0.00030091 2.843055
0.00030104 2.846310
0.00030117 2.849565
0.00030130 2.849565
0.00030143 2.852821
0.00030156 2.856076
0.00030169 2.859331
0.00030182 2.862586
0.00030195 2.865841
0.00030208 2.869097
0.00030221 2.872352
0.00030234 2.875607
0.00030247 2.878862
0.00030260 2.882117
0.00030273 2.885373
0.00030286 2.888628
0.00030299 2.891883
0.00030313 2.895138
0.00030326 2.898393
0.00030339 2.901649
0.00030352 2.904904
0.00030365 2.908159
0.00030378 2.911414
0.00030391 2.914670
0.00030404 2.917925
0.00030417 2.921180
0.00030430 2.924435
0.00030443 2.927690
0.00030456 2.930946
0.00030469 2.934201
0.00030482 2.937456
0.00030495 2.940711
0.00030508 2.943966
0.00030521 2.947222
0.00030534 2.950477
0.00030547 2.953732
0.00030560 2.956987
0.00030573 2.960242
0.00030586 2.963498
0.00030599 2.966753
0.00030612 2.970008
0.00030625 2.973263
0.00030638 2.976518
0.00030651 2.979774
0.00030664 2.983029
0.00030677 2.986284
0.00030690 2.989539
0.00030703 2.992795
0.00030716 2.996050
0.00030729 2.999305
0.00033477 1.634203
0.00033490 1.637458
0.00033503 1.640713
0.00033516 1.643968
0.00033529 1.647223
0.00033542 1.650479
0.00033555 1.653734
0.00033568 1.656989
0.00033581 1.660244
0.00033594 1.663500
0.00033607 1.666755
0.00033620 1.670010
0.00033633 1.673265
0.00033646 1.676520
0.00033659 1.679776
0.00033672 1.683031
0.00033685 1.686286
0.00033698 1.689541
0.00033711 1.692796
0.00033724 1.696052
0.00033737 1.699307
0.00033750 1.702562
0.00033763 1.705817
0.00033776 1.709072
0.00033789 1.712328
0.00033802 1.715583
0.00033815 1.718838
0.00033828 1.722093
0.00033841 1.725348
0.00033854 1.728604
0.00033867 1.731859
0.00033880 1.735114
0.00033893 1.738369
0.00033906 1.741625
0.00033919 1.744880
0.00033932 1.748135
0.00033945 1.751390
0.00033958 1.754645
0.00033971 1.757901
0.00033984 1.761156
0.00033997 1.764411
0.00034010 1.767666
0.00034023 1.770921
0.00034036 1.774177
0.00034049 1.777432
0.00034063 1.780687
0.00034076 1.783942
0.00034089 1.787197
0.00034102 1.790453
0.00034115 1.793708
0.00034128 1.796963
0.00034141 1.800218
0.00034154 1.803473
0.00034167 1.806729
0.00034180 1.809984
0.00034193 1.813239
0.00034206 1.816494
0.00034219 1.819750
0.00034232 1.823005
0.00034245 1.826260
0.00034258 1.829515
0.00034271 1.832770
0.00034284 1.836026
0.00034297 1.839281
0.00034310 1.842536
0.00034323 1.845791
0.00034336 1.849046
0.00034349 1.852302
0.00034362 1.855557
0.00034375 1.858812
0.00034388 1.862067
0.00034401 1.865322
0.00034414 1.868578
0.00034427 1.871833
0.00034440 1.875088
0.00034453 1.878343
0.00034466 1.881598
0.00034479 1.884854
0.00034492 1.888109
0.00034505 1.891364
0.00034518 1.894619
0.00034531 1.897875
0.00034544 1.901130
0.00034557 1.904385
0.00034570 1.907640
0.00034583 1.910895
0.00034596 1.914151
0.00034609 1.917406
0.00034622 1.920661
0.00034635 1.923916
0.00034648 1.927171
0.00034661 1.930427
0.00034674 1.933682
0.00034687 1.936937
0.00034701 1.940192
0.00034714 1.943447
0.00034727 1.946703
0.00034740 1.949958
0.00034753 1.953213
0.00034766 1.956468
0.00034779 1.959723
0.00034792 1.962979
0.00034805 1.966234
0.00034818 1.969489
0.00034831 1.972744
0.00034844 1.976000
0.00034857 1.979255
0.00034870 1.982510
0.00034883 1.985765
0.00034896 1.989020
0.00034909 1.992276
0.00034922 1.995531
0.00034935 1.998786
0.00034948 2.002041
0.00034961 2.005296
0.00034974 2.008552
0.00034987 2.011807
0.00035000 2.015062
0.00035013 2.018317
0.00035026 2.021572
0.00035039 2.024828
0.00035052 2.028083
0.00035065 2.031338
0.00035078 2.034593
0.00035091 2.037848
0.00035104 2.041104
0.00035117 2.044359
0.00035130 2.047614
0.00035143 2.050869
0.00035156 2.054125
0.00035169 2.057380
0.00035182 2.060635
0.00035195 2.063890
0.00035208 2.067145
0.00035221 2.070401
0.00035234 2.073656
0.00035247 2.076911
0.00035260 2.080166
0.00035273 2.083421
0.00035286 2.086677
0.00035299 2.089932
0.00035312 2.093187
0.00035326 2.096442
0.00035339 2.099697
0.00035352 2.102953
0.00035365 2.106208
0.00035378 2.109463
0.00035391 2.112718
0.00035404 2.115973
0.00035417 2.119229
0.00035430 2.122484
0.00035443 2.125739
0.00035456 2.128994
0.00035469 2.132250
0.00035482 2.135505
0.00035495 2.138760
0.00035508 2.142015
0.00035521 2.145270
0.00035534 2.148526
0.00035547 2.151781
0.00035560 2.155036
0.00035573 2.158291
0.00035586 2.161546
0.00035599 2.164802
0.00035612 2.168057
0.00035625 2.171312
0.00035638 2.174567
0.00035651 2.177822
0.00035664 2.181078
0.00035677 2.184333
0.00035690 2.187588
0.00035703 2.190843
0.00035716 2.194098
0.00035729 2.197354
0.00035742 2.200609
0.00035755 2.203864
0.00035768 2.207119
0.00035781 2.210375
0.00035794 2.213630
0.00035807 2.216885
0.00035820 2.220140
0.00035833 2.223395
0.00035846 2.226651
0.00035859 2.229906
0.00035872 2.233161
0.00035885 2.236416
0.00035898 2.239671
0.00035911 2.242927
0.00035924 2.246182
0.00035937 2.249437
0.00035951 2.252692
0.00035964 2.255947
0.00035977 2.259203
0.00035990 2.262458
0.00036003 2.265713
0.00036016 2.268968
0.00036029 2.272223
0.00036042 2.275479
0.00036055 2.278734
0.00036068 2.281989
0.00036081 2.285244
0.00036094 2.288500
0.00036107 2.291755
0.00036120 2.295010
0.00036133 2.298265
0.00036146 2.301520
0.00036159 2.304776
0.00036172 2.308031
0.00036185 2.311286
0.00036198 2.314541
0.00036211 2.317796
0.00036224 2.321052
0.00036237 2.324307
0.00036250 2.327562
0.00036263 2.330817
0.00036276 2.334072
0.00036289 2.337328
0.00036302 2.340583
0.00036315 2.343838
0.00036328 2.347093
0.00036341 2.350348
0.00036354 2.353604
0.00036367 2.356859
0.00036380 2.360114
0.00036393 2.363369
0.00036406 2.366625
0.00036419 2.369880
0.00036432 2.373135
0.00036445 2.376390
0.00036458 2.379645
0.00036471 2.382901
0.00036484 2.386156
0.00036497 2.389411
0.00036510 2.392666
0.00036523 2.395921
0.00036536 2.399177
0.00036549 2.402432
0.00036562 2.405687
0.00036576 2.408942
0.00036589 2.412197
0.00036602 2.415453
0.00036615 2.418708
0.00036628 2.421963
0.00036641 2.425218
0.00036654 2.428473
0.00036667 2.431729
0.00036680 2.434984
0.00036693 2.438239
0.00036706 2.441494
0.00036719 2.444750
0.00036732 2.448005
0.00036745 2.451260
0.00036758 2.454515
0.00036771 2.457770
0.00036784 2.461026
0.00036797 2.464281
0.00036810 2.467536
0.00036823 2.467536
0.00036836 2.470791
0.00036849 2.474046
0.00036862 2.477302
0.00036875 2.480557
0.00036888 2.483812
0.00036901 2.487067
0.00036914 2.490322
0.00036927 2.493578
0.00036940 2.496833
0.00036953 2.500088
0.00036966 2.503343
0.00036979 2.506598
0.00036992 2.509854
0.00037005 2.513109
0.00037018 2.516364
0.00037031 2.519619
0.00037044 2.522875
0.00037057 2.526130
0.00037070 2.529385
0.00037083 2.532640
0.00037096 2.535895
0.00037109 2.539151
0.00037122 2.542406
0.00037135 2.545661
0.00037148 2.548916
0.00037161 2.552171
0.00037174 2.555427
0.00037187 2.558682
0.00037201 2.561937
0.00037214 2.565192
0.00037227 2.568447
0.00037240 2.571703
0.00037253 2.574958
0.00037266 2.578213
0.00037279 2.581468
0.00037292 2.584723
0.00037305 2.587979
0.00037318 2.591234
0.00037331 2.594489
0.00037344 2.597744
0.00037357 2.601000
0.00037370 2.604255
0.00037383 2.607510
0.00037396 2.610765
0.00037409 2.614020
0.00037422 2.617276
0.00037435 2.620531
0.00037448 2.623786
0.00037461 2.627041
0.00037474 2.630296
0.00037487 2.633552
0.00037500 2.636807
0.00037513 2.640062
0.00037526 2.643317
0.00037539 2.646572
0.00037552 2.649828
0.00037565 2.653083
0.00037578 2.656338
0.00037591 2.659593
0.00037604 2.662848
0.00037617 2.666104
0.00037630 2.669359
0.00037643 2.672614
0.00037656 2.675869
0.00037669 2.679125
0.00037682 2.682380
0.00037695 2.685635
0.00037708 2.688890
0.00037721 2.692145
0.00037734 2.695401
0.00037747 2.698656
0.00037760 2.701911
0.00037773 2.705166
0.00037786 2.708421
0.00037799 2.711677
0.00037812 2.714932
0.00037826 2.718187
0.00037839 2.721442
0.00037852 2.724697
0.00037865 2.727953
0.00037878 2.731208
0.00037891 2.734463
0.00037904 2.737718
0.00037917 2.740973
0.00037930 2.744229
0.00037943 2.747484
0.00037956 2.750739
0.00037969 2.753994
0.00037982 2.757250
0.00037995 2.760505
0.00038008 2.763760
0.00038021 2.767015
0.00038034 2.770270
0.00038047 2.773526
0.00038060 2.776781
0.00038073 2.780036
0.00038086 2.783291
0.00038099 2.786546
0.00038112 2.789802
0.00038125 2.793057
0.00038138 2.796312
0.00038151 2.799567
0.00038164 2.802822
0.00038177 2.806078
0.00038190 2.809333
0.00038203 2.812588
0.00038216 2.815843
0.00038229 2.819098
0.00038242 2.822354
0.00038255 2.825609
0.00038268 2.828864
0.00038281 2.832119
0.00038294 2.835375
0.00038307 2.838630
0.00038320 2.841885
0.00038333 2.845140
0.00038346 2.848395
0.00038359 2.851651
0.00038372 2.854906
0.00038385 2.858161
0.00038398 2.861416
0.00038411 2.864671
0.00038424 2.867927
0.00038437 2.871182
0.00038451 2.874437
0.00038464 2.877692
0.00038477 2.880947
0.00038490 2.884203
0.00038503 2.887458
0.00038516 2.890713
0.00038529 2.893968
0.00038542 2.897223
0.00038555 2.900479
0.00038568 2.903734
0.00038581 2.906989
0.00038594 2.910244
0.00038607 2.913500
0.00038620 2.916755
0.00038633 2.920010
0.00038646 2.923265
0.00038659 2.926520
0.00038672 2.929776
0.00038685 2.933031
0.00038698 2.936286
0.00038711 2.939541
0.00038724 2.942796
0.00038737 2.946052
0.00038750 2.949307
0.00038763 2.952562
0.00038776 2.955817
0.00038789 2.959072
0.00038802 2.962328
0.00038815 2.965583
0.00038828 2.968838
0.00038841 2.972093
0.00038854 2.975348
0.00038867 2.978604
0.00038880 2.981859
0.00038893 2.985114
0.00038906 2.988369
0.00038919 2.991625
0.00038932 2.994880
0.00038945 2.998135
0.00040169 2.398261
0.00040182 2.401517
0.00040195 2.404772
0.00040208 2.408027
0.00040221 2.411282
0.00040234 2.414537
0.00040247 2.417793
0.00040260 2.421048
0.00040273 2.424303
0.00040286 2.427558
0.00040299 2.430813
0.00040312 2.434069
0.00040326 2.437324
0.00040339 2.440579
0.00040352 2.443834
0.00040365 2.447089
0.00040378 2.450345
0.00040391 2.453600
0.00040404 2.456855
0.00040417 2.460110
0.00040430 2.463366
0.00040443 2.466621
0.00040456 2.469876
0.00040469 2.473131
0.00040482 2.476386
0.00040495 2.479642
0.00040508 2.482897
0.00040521 2.486152
0.00040534 2.489407
0.00040547 2.492662
0.00040560 2.495918
0.00040573 2.499173
0.00040586 2.502428
0.00040599 2.505683
0.00040612 2.508938
0.00040625 2.512194
0.00040638 2.515449
0.00040651 2.518704
0.00040664 2.521959
0.00040677 2.525214
0.00040690 2.528470
0.00040703 2.531725
0.00040716 2.534980
0.00040729 2.538235
0.00040742 2.541491
0.00040755 2.544746
0.00040768 2.548001
0.00040781 2.551256
0.00040794 2.554511
0.00040807 2.557767
0.00040820 2.561022
0.00040833 2.564277
0.00040846 2.567532
0.00040859 2.570787
0.00040872 2.574043
0.00040885 2.577298
0.00040898 2.580553
0.00040911 2.583808
0.00040924 2.587063
0.00040937 2.590319
0.00040951 2.593574
0.00040964 2.596829
0.00040977 2.600084
0.00040990 2.603339
0.00041003 2.606595
0.00041016 2.609850
0.00041029 2.613105
0.00041042 2.616360
0.00041055 2.619616
0.00041068 2.622871
0.00041081 2.626126
0.00041094 2.629381
0.00041107 2.632636
0.00041120 2.635892
0.00041133 2.639147
0.00041146 2.642402
0.00041159 2.645657
0.00041172 2.648912
0.00041185 2.652168
0.00041198 2.655423
0.00041211 2.658678
0.00041224 2.661933
0.00041237 2.665188
0.00041250 2.668444
0.00041263 2.671699
0.00041276 2.674954
0.00041289 2.678209
0.00041302 2.681464
0.00041315 2.684720
0.00041328 2.687975
0.00041341 2.691230
0.00041354 2.694485
0.00041367 2.697741
0.00041380 2.700996
0.00041393 2.704251
0.00041406 2.707506
0.00041419 2.710761
0.00041432 2.714017
0.00041445 2.717272
0.00041458 2.720527
0.00041471 2.723782
0.00041484 2.727037
0.00041497 2.730293
0.00041510 2.733548
0.00041523 2.736803
0.00041536 2.740058
0.00041549 2.743313
0.00041562 2.746569
0.00041576 2.749824
0.00041589 2.753079
0.00041602 2.756334
0.00041615 2.759589
0.00041628 2.762845
0.00041641 2.766100
0.00041654 2.769355
0.00041667 2.772610
0.00041680 2.775866
0.00041693 2.779121
0.00041706 2.782376
0.00041719 2.785631
0.00041732 2.788886
0.00041745 2.792142
0.00041758 2.795397
0.00041771 2.798652
0.00041784 2.801907
0.00041797 2.805162
0.00041810 2.808418
0.00041823 2.811673
0.00041836 2.814928
0.00041849 2.818183
0.00041862 2.821438
0.00041875 2.824694
0.00041888 2.827949
0.00041901 2.831204
0.00041914 2.834459
0.00041927 2.837714
0.00041940 2.840970
0.00041953 2.844225
0.00041966 2.847480
0.00041979 2.850735
0.00041992 2.853991
0.00042005 2.857246
0.00042018 2.860501
0.00042031 2.863756
0.00042044 2.867011
0.00042057 2.870267
0.00042070 2.873522
0.00042083 2.876777
0.00042096 2.880032
0.00042109 2.883287
0.00042122 2.886543
0.00042135 2.889798
0.00042148 2.893053
0.00042161 2.896308
0.00042174 2.899563
0.00042187 2.902819
0.00042201 2.906074
0.00042214 2.909329
0.00042227 2.912584
0.00042240 2.915839
0.00042253 2.919095
0.00042266 2.922350
0.00042279 2.925605
0.00042292 2.928860
0.00042305 2.932116
0.00042318 2.935371
0.00042331 2.938626
0.00042344 2.941881
0.00042357 2.945136
0.00042370 2.948392
0.00042383 2.951647
0.00042396 2.954902
0.00042409 2.958157
0.00042422 2.961412
0.00042435 2.964668
0.00042448 2.967923
0.00042461 2.971178
0.00042474 2.974433
0.00042487 2.977688
0.00042500 2.980944
0.00042513 2.984199
0.00042526 2.987454
0.00042539 2.990709
0.00042552 2.993964
0.00042565 2.997220
0.00043516 2.536811
0.00043529 2.540066
0.00043542 2.543321
0.00043555 2.546576
0.00043568 2.549831
0.00043581 2.553087
0.00043594 2.556342
0.00043607 2.559597
0.00043620 2.562852
0.00043633 2.566107
0.00043646 2.569363
0.00043659 2.572618
0.00043672 2.575873
0.00043685 2.579128
0.00043698 2.582384
0.00043711 2.585639
0.00043724 2.588894
0.00043737 2.592149
0.00043750 2.595404
0.00043763 2.598660
0.00043776 2.601915
0.00043789 2.605170
0.00043802 2.608425
0.00043815 2.611680
0.00043828 2.614936
0.00043841 2.618191
0.00043854 2.621446
0.00043867 2.624701
0.00043880 2.627956
0.00043893 2.631212
0.00043906 2.634467
0.00043919 2.637722
0.00043932 2.640977
0.00043945 2.644232
0.00043958 2.647488
0.00043971 2.650743
0.00043984 2.653998
0.00043997 2.657253
0.00044010 2.660509
0.00044023 2.663764
0.00044036 2.667019
0.00044049 2.670274
0.00044062 2.673529
0.00044076 2.676785
0.00044089 2.680040
0.00044102 2.683295
0.00044115 2.686550
0.00044128 2.689805
0.00044141 2.693061
0.00044154 2.696316
0.00044167 2.699571
0.00044180 2.702826
0.00044193 2.706081
0.00044206 2.709337
0.00044219 2.712592
0.00044232 2.715847
0.00044245 2.719102
0.00044258 2.722357
0.00044271 2.725613
0.00044284 2.728868
0.00044297 2.732123
0.00044310 2.735378
0.00044323 2.738634
0.00044336 2.741889
0.00044349 2.745144
0.00044362 2.748399
0.00044375 2.751654
0.00044388 2.754910
0.00044401 2.758165
0.00044414 2.761420
0.00044427 2.764675
0.00044440 2.767930
0.00044453 2.771186
0.00044466 2.774441
0.00044479 2.777696
0.00044492 2.780951
0.00044505 2.784206
0.00044518 2.787462
0.00044531 2.790717
0.00044544 2.793972
0.00044557 2.797227
0.00044570 2.800482
0.00044583 2.803738
0.00044596 2.806993
0.00044609 2.810248
0.00044622 2.813503
0.00044635 2.816759
0.00044648 2.820014
0.00044661 2.823269
0.00044674 2.826524
0.00044687 2.829779
0.00044701 2.833035
0.00044714 2.836290
0.00044727 2.839545
0.00044740 2.842800
0.00044753 2.846055
0.00044766 2.849311
0.00044779 2.852566
0.00044792 2.855821
0.00044805 2.859076
0.00044818 2.862331
0.00044831 2.865587
0.00044844 2.868842
0.00044857 2.872097
0.00044870 2.875352
0.00044883 2.878607
0.00044896 2.881863
0.00044909 2.885118
0.00044922 2.888373
0.00044935 2.891628
0.00044948 2.894884
0.00044961 2.898139
0.00044974 2.901394
0.00044987 2.904649
0.00045000 2.907904
0.00045013 2.911160
0.00045026 2.914415
0.00045039 2.917670
0.00045052 2.920925
0.00045065 2.924180
0.00045078 2.927436
0.00045091 2.930691
0.00045104 2.933946
0.00045117 2.937201
0.00045130 2.940456
0.00045143 2.943712
0.00045156 2.946967
0.00045169 2.950222
0.00045182 2.953477
0.00045195 2.956732
0.00045208 2.959988
0.00045221 2.963243
0.00045234 2.966498
0.00045247 2.969753
0.00045260 2.973009
0.00045273 2.976264
0.00045286 2.979519
0.00045299 2.982774
0.00045312 2.986029
0.00045326 2.989285
0.00045339 2.992540
0.00045352 2.995795
0.00045365 2.999050
0.00046862 2.259712
0.00046875 2.262967
0.00046888 2.266223
0.00046901 2.269478
0.00046914 2.272733
0.00046927 2.275988
0.00046940 2.279243
0.00046953 2.282499
0.00046966 2.285754
0.00046979 2.289009
0.00046992 2.292264
0.00047005 2.295519
0.00047018 2.298775
0.00047031 2.302030
0.00047044 2.305285
0.00047057 2.308540
0.00047070 2.311795
0.00047083 2.315051
0.00047096 2.318306
0.00047109 2.321561
0.00047122 2.324816
0.00047135 2.328072
0.00047148 2.331327
0.00047161 2.334582
0.00047174 2.337837
0.00047187 2.341092
0.00047201 2.344348
0.00047214 2.347603
0.00047227 2.350858
0.00047240 2.354113
0.00047253 2.357368
0.00047266 2.360624
0.00047279 2.363879
0.00047292 2.367134
0.00047305 2.370389
0.00047318 2.373644
0.00047331 2.376900
0.00047344 2.380155
0.00047357 2.383410
0.00047370 2.386665
0.00047383 2.389920
0.00047396 2.393176
0.00047409 2.396431
0.00047422 2.399686
0.00047435 2.402941
0.00047448 2.406197
0.00047461 2.409452
0.00047474 2.412707
0.00047487 2.415962
0.00047500 2.419217
0.00047513 2.422473
0.00047526 2.425728
0.00047539 2.428983
0.00047552 2.432238
0.00047565 2.435493
0.00047578 2.438749
0.00047591 2.442004
0.00047604 2.445259
0.00047617 2.448514
0.00047630 2.451769
0.00047643 2.455025
0.00047656 2.458280
0.00047669 2.461535
0.00047682 2.464790
0.00047695 2.468045
0.00047708 2.471301
0.00047721 2.474556
0.00047734 2.477811
0.00047747 2.481066
0.00047760 2.484322
0.00047773 2.487577
0.00047786 2.490832
0.00047799 2.494087
0.00047812 2.497342
0.00047826 2.500598
0.00047839 2.503853
0.00047852 2.507108
0.00047865 2.510363
0.00047878 2.513618
0.00047891 2.516874
0.00047904 2.520129
0.00047917 2.523384
0.00047930 2.526639
0.00047943 2.529894
0.00047956 2.533150
0.00047969 2.536405
0.00047982 2.539660
0.00047995 2.542915
0.00048008 2.546170
0.00048021 2.549426
0.00048034 2.552681
0.00048047 2.555936
0.00048060 2.559191
0.00048073 2.562447
0.00048086 2.565702
0.00048099 2.568957
0.00048112 2.572212
0.00048125 2.575467
0.00048138 2.578723
0.00048151 2.581978
0.00048164 2.585233
0.00048177 2.588488
0.00048190 2.591743
0.00048203 2.594999
0.00048216 2.598254
0.00048229 2.601509
0.00048242 2.604764
0.00048255 2.608019
0.00048268 2.611275
0.00048281 2.614530
0.00048294 2.617785
0.00048307 2.621040
0.00048320 2.624295
0.00048333 2.627551
0.00048346 2.630806
0.00048359 2.634061
0.00048372 2.637316
0.00048385 2.640572
0.00048398 2.643827
0.00048411 2.647082
0.00048424 2.650337
0.00048437 2.653592
0.00048451 2.656848
0.00048464 2.660103
0.00048477 2.663358
0.00048490 2.666613
0.00048503 2.669868
0.00048516 2.673124
0.00048529 2.676379
0.00048542 2.679634
0.00048555 2.682889
0.00048568 2.686144
0.00048581 2.689400
0.00048594 2.692655
0.00048607 2.695910
0.00048620 2.699165
0.00048633 2.702420
0.00048646 2.705676
0.00048659 2.708931
0.00048672 2.712186
0.00048685 2.715441
0.00048698 2.718697
0.00048711 2.721952
0.00048724 2.725207
0.00048737 2.728462
0.00048750 2.731717
0.00048763 2.734973
0.00048776 2.738228
0.00048789 2.741483
0.00048802 2.744738
0.00048815 2.747993
0.00048828 2.751249
0.00048841 2.754504
0.00048854 2.757759
0.00048867 2.761014
0.00048880 2.764269
0.00048893 2.767525
0.00048906 2.770780
0.00048919 2.774035
0.00048932 2.777290
0.00048945 2.780545
0.00048958 2.783801
0.00048971 2.787056
0.00048984 2.790311
0.00048997 2.793566
0.00049010 2.796822
0.00049023 2.800077
0.00049036 2.803332
0.00049049 2.806587
0.00049062 2.809842
0.00049076 2.813098
0.00049089 2.816353
0.00049102 2.819608
0.00049115 2.822863
0.00049128 2.826118
0.00049141 2.829374
0.00049154 2.832629
0.00049167 2.835884
0.00049180 2.839139
0.00049193 2.842394
0.00049206 2.845650
0.00049219 2.848905
0.00049232 2.852160
0.00049245 2.855415
0.00049258 2.858670
0.00049271 2.861926
0.00049284 2.865181
0.00049297 2.868436
0.00049310 2.871691
0.00049323 2.874947
0.00049336 2.878202
0.00049349 2.881457
0.00049362 2.884712
0.00049375 2.887967
0.00049388 2.891223
0.00049401 2.894478
0.00049414 2.897733
0.00049427 2.900988
0.00049440 2.904243
0.00049453 2.907499
0.00049466 2.910754
0.00049479 2.914009
0.00049492 2.917264
0.00049505 2.920519
0.00049518 2.923775
0.00049531 2.927030
0.00049544 2.930285
0.00049557 2.933540
0.00049570 2.936795
0.00049583 2.940051
0.00049596 2.943306
0.00049609 2.946561
0.00049622 2.949816
0.00049635 2.953072
0.00049648 2.956327
0.00049661 2.959582
0.00049674 2.962837
0.00049687 2.966092
0.00049701 2.969348
0.00049714 2.972603
0.00049727 2.975858
0.00049740 2.979113
0.00049753 2.982368
0.00049766 2.985624
0.00049779 2.988879
0.00049792 2.992134
0.00049805 2.995389
0.00049818 2.998644
0.00050208 2.813909
0.00050221 2.817164
0.00050234 2.820419
0.00050247 2.823675
0.00050260 2.826930
0.00050273 2.830185
0.00050286 2.833440
0.00050299 2.836695
0.00050312 2.839951
0.00050326 2.843206
0.00050339 2.846461
0.00050352 2.849716
0.00050365 2.852972
0.00050378 2.856227
0.00050391 2.859482
0.00050404 2.862737
0.00050417 2.865992
0.00050430 2.869248
0.00050443 2.872503
0.00050456 2.875758
0.00050469 2.879013
0.00050482 2.882268
0.00050495 2.885524
0.00050508 2.888779
0.00050521 2.892034
0.00050534 2.895289
0.00050547 2.898544
0.00050560 2.901800
0.00050573 2.905055
0.00050586 2.908310
0.00050599 2.911565
0.00050612 2.914820
0.00050625 2.918076
0.00050638 2.921331
0.00050651 2.924586
0.00050664 2.927841
0.00050677 2.931097
0.00050690 2.934352
0.00050703 2.937607
0.00050716 2.940862
0.00050729 2.944117
0.00050742 2.947373
0.00050755 2.950628
0.00050768 2.953883
0.00050781 2.957138
0.00050794 2.960393
0.00050807 2.963649
0.00050820 2.966904
0.00050833 2.970159
0.00050846 2.973414
0.00050859 2.976669
0.00050872 2.979925
0.00050885 2.983180
0.00050898 2.986435
0.00050911 2.989690
0.00050924 2.992945
0.00050937 2.996201
0.00050951 2.999456
0.00053555 1.705515
0.00053568 1.708771
0.00053581 1.712026
0.00053594 1.715281
0.00053607 1.718536
0.00053620 1.721791
0.00053633 1.725047
0.00053646 1.728302
0.00053659 1.731557
0.00053672 1.734812
0.00053685 1.738067
0.00053698 1.741323
0.00053711 1.744578
0.00053724 1.747833
0.00053737 1.751088
0.00053750 1.754343
0.00053763 1.757599
0.00053776 1.760854
0.00053789 1.764109
0.00053802 1.767364
0.00053815 1.770619
0.00053828 1.773875
0.00053841 1.777130
0.00053854 1.780385
0.00053867 1.783640
0.00053880 1.786896
0.00053893 1.790151
0.00053906 1.793406
0.00053919 1.796661
0.00053932 1.799916
0.00053945 1.803172
0.00053958 1.806427
0.00053971 1.809682
0.00053984 1.812937
0.00053997 1.816192
0.00054010 1.819448
0.00054023 1.822703
0.00054036 1.825958
0.00054049 1.829213
0.00054062 1.832468
0.00054076 1.835724
0.00054089 1.838979
0.00054102 1.842234
0.00054115 1.845489
0.00054128 1.848744
0.00054141 1.852000
0.00054154 1.855255
0.00054167 1.858510
0.00054180 1.861765
0.00054193 1.865021
0.00054206 1.868276
0.00054219 1.871531
0.00054232 1.874786
0.00054245 1.878041
0.00054258 1.881297
0.00054271 1.884552
0.00054284 1.887807
0.00054297 1.891062
0.00054310 1.894317
0.00054323 1.897573
0.00054336 1.900828
0.00054349 1.904083
0.00054362 1.907338
0.00054375 1.910593
0.00054388 1.913849
0.00054401 1.917104
0.00054414 1.920359
0.00054427 1.923614
0.00054440 1.926869
0.00054453 1.930125
0.00054466 1.933380
0.00054479 1.936635
0.00054492 1.939890
0.00054505 1.943146
0.00054518 1.946401
0.00054531 1.949656
0.00054544 1.952911
0.00054557 1.956166
0.00054570 1.959422
0.00054583 1.962677
0.00054596 1.965932
0.00054609 1.969187
0.00054622 1.972442
0.00054635 1.975698
0.00054648 1.978953
0.00054661 1.982208
0.00054674 1.985463
0.00054687 1.988718
0.00054701 1.991974
0.00054714 1.995229
0.00054727 1.998484
0.00054740 2.001739
0.00054753 2.004994
0.00054766 2.008250
0.00054779 2.011505
0.00054792 2.014760
0.00054805 2.018015
0.00054818 2.021271
0.00054831 2.024526
0.00054844 2.027781
0.00054857 2.031036
0.00054870 2.034291
0.00054883 2.037547
0.00054896 2.040802
0.00054909 2.044057
0.00054922 2.047312
0.00054935 2.050567
0.00054948 2.053823
0.00054961 2.057078
0.00054974 2.060333
0.00054987 2.063588
0.00055000 2.066843
0.00055013 2.070099
0.00055026 2.073354
0.00055039 2.076609
0.00055052 2.079864
0.00055065 2.083119
0.00055078 2.086375
0.00055091 2.089630
0.00055104 2.092885
0.00055117 2.096140
0.00055130 2.099396
0.00055143 2.102651
0.00055156 2.105906
0.00055169 2.109161
0.00055182 2.112416
0.00055195 2.115672
0.00055208 2.118927
0.00055221 2.122182
0.00055234 2.125437
0.00055247 2.128692
0.00055260 2.131948
0.00055273 2.135203
0.00055286 2.138458
0.00055299 2.141713
0.00055312 2.144968
0.00055326 2.148224
0.00055339 2.151479
0.00055352 2.154734
0.00055365 2.157989
0.00055378 2.161244
0.00055391 2.164500
0.00055404 2.167755
0.00055417 2.171010
0.00055430 2.174265
0.00055443 2.177521
0.00055456 2.180776
0.00055469 2.184031
0.00055482 2.187286
0.00055495 2.190541
0.00055508 2.193797
0.00055521 2.197052
0.00055534 2.200307
0.00055547 2.203562
0.00055560 2.206817
0.00055573 2.210073
0.00055586 2.213328
0.00055599 2.216583
0.00055612 2.219838
0.00055625 2.223093
0.00055638 2.226349
0.00055651 2.229604
0.00055664 2.232859
0.00055677 2.236114
0.00055690 2.239369
0.00055703 2.242625
0.00055716 2.245880
0.00055729 2.249135
0.00055742 2.252390
0.00055755 2.255646
0.00055768 2.258901
0.00055781 2.262156
0.00055794 2.265411
0.00055807 2.268666
0.00055820 2.271922
0.00055833 2.275177
0.00055846 2.278432
0.00055859 2.281687
0.00055872 2.284942
0.00055885 2.288198
0.00055898 2.291453
0.00055911 2.294708
0.00055924 2.297963
0.00055937 2.301218
0.00055951 2.304474
0.00055964 2.307729
0.00055977 2.310984
0.00055990 2.314239
0.00056003 2.317494
0.00056016 2.320750
0.00056029 2.324005
0.00056042 2.327260
0.00056055 2.330515
0.00056068 2.333771
0.00056081 2.337026
0.00056094 2.340281
0.00056107 2.343536
0.00056120 2.346791
0.00056133 2.350047
0.00056146 2.353302
0.00056159 2.356557
0.00056172 2.359812
0.00056185 2.363067
0.00056198 2.366323
0.00056211 2.369578
0.00056224 2.372833
0.00056237 2.376088
0.00056250 2.379343
0.00056263 2.382599
0.00056276 2.385854
0.00056289 2.389109
0.00056302 2.392364
0.00056315 2.395619
0.00056328 2.398875
0.00056341 2.402130
0.00056354 2.405385
0.00056367 2.408640
0.00056380 2.411896
0.00056393 2.415151
0.00056406 2.418406
0.00056419 2.421661
0.00056432 2.424916
0.00056445 2.428172
0.00056458 2.431427
0.00056471 2.434682
0.00056484 2.437937
0.00056497 2.441192
0.00056510 2.444448
0.00056523 2.447703
0.00056536 2.450958
0.00056549 2.454213
0.00056562 2.457468
0.00056576 2.460724
0.00056589 2.463979
0.00056602 2.467234
0.00056615 2.470489
0.00056628 2.473744
0.00056641 2.477000
0.00056654 2.480255
0.00056667 2.483510
0.00056680 2.486765
0.00056693 2.490021
0.00056706 2.493276
0.00056719 2.496531
0.00056732 2.499786
0.00056745 2.503041
0.00056758 2.506297
0.00056771 2.509552
0.00056784 2.512807
0.00056797 2.516062
0.00056810 2.519317
0.00056823 2.522573
0.00056836 2.525828
0.00056849 2.529083
0.00056862 2.532338
0.00056875 2.535593
0.00056888 2.538849
0.00056901 2.538849
0.00056914 2.542104
0.00056927 2.545359
0.00056940 2.548614
0.00056953 2.551869
0.00056966 2.555125
0.00056979 2.558380
0.00056992 2.561635
0.00057005 2.564890
0.00057018 2.568146
0.00057031 2.571401
0.00057044 2.574656
0.00057057 2.577911
0.00057070 2.581166
0.00057083 2.584422
0.00057096 2.587677
0.00057109 2.590932
0.00057122 2.594187
0.00057135 2.597442
0.00057148 2.600698
0.00057161 2.603953
0.00057174 2.607208
0.00057187 2.610463
0.00057201 2.613718
0.00057214 2.616974
0.00057227 2.620229
0.00057240 2.623484
0.00057253 2.626739
0.00057266 2.629994
0.00057279 2.633250
0.00057292 2.636505
0.00057305 2.639760
0.00057318 2.643015
0.00057331 2.646271
0.00057344 2.649526
0.00057357 2.652781
0.00057370 2.656036
0.00057383 2.659291
0.00057396 2.662547
0.00057409 2.665802
0.00057422 2.669057
0.00057435 2.672312
0.00057448 2.675567
0.00057461 2.678823
0.00057474 2.682078
0.00057487 2.685333
0.00057500 2.688588
0.00057513 2.691843
0.00057526 2.695099
0.00057539 2.698354
0.00057552 2.701609
0.00057565 2.704864
0.00057578 2.708119
0.00057591 2.711375
0.00057604 2.714630
0.00057617 2.717885
0.00057630 2.721140
0.00057643 2.724396
0.00057656 2.727651
0.00057669 2.730906
0.00057682 2.734161
0.00057695 2.737416
0.00057708 2.740672
0.00057721 2.743927
0.00057734 2.747182
0.00057747 2.750437
0.00057760 2.753692
0.00057773 2.756948
0.00057786 2.760203
0.00057799 2.763458
0.00057812 2.766713
0.00057826 2.769968
0.00057839 2.773224
0.00057852 2.776479
0.00057865 2.779734
0.00057878 2.782989
0.00057891 2.786244
0.00057904 2.789500
0.00057917 2.792755
0.00057930 2.796010
0.00057943 2.799265
0.00057956 2.802521
0.00057969 2.805776
0.00057982 2.809031
0.00057995 2.812286
0.00058008 2.815541
0.00058021 2.818797
0.00058034 2.822052
0.00058047 2.825307
0.00058060 2.828562
0.00058073 2.831817
0.00058086 2.835073
0.00058099 2.838328
0.00058112 2.841583
0.00058125 2.844838
0.00058138 2.848093
0.00058151 2.851349
0.00058164 2.854604
0.00058177 2.857859
0.00058190 2.861114
0.00058203 2.864369
0.00058216 2.867625
0.00058229 2.870880
0.00058242 2.874135
0.00058255 2.877390
0.00058268 2.880646
0.00058281 2.883901
0.00058294 2.887156
0.00058307 2.890411
0.00058320 2.893666
0.00058333 2.896922
0.00058346 2.900177
0.00058359 2.903432
0.00058372 2.906687
0.00058385 2.909942
0.00058398 2.913198
0.00058411 2.916453
0.00058424 2.919708
0.00058437 2.922963
0.00058451 2.926218
0.00058464 2.929474
0.00058477 2.932729
0.00058490 2.935984
0.00058503 2.939239
0.00058516 2.942494
0.00058529 2.945750
0.00058542 2.949005
0.00058555 2.952260
0.00058568 2.955515
0.00058581 2.958771
0.00058594 2.962026
0.00058607 2.965281
0.00058620 2.968536
0.00058633 2.971791
0.00058646 2.975047
0.00058659 2.978302
0.00058672 2.981557
0.00058685 2.984812
0.00058698 2.988067
0.00058711 2.991323
0.00058724 2.994578
0.00058737 2.997833
0.00060247 2.255636
0.00060260 2.258891
0.00060273 2.262146
0.00060286 2.265402
0.00060299 2.268657
0.00060312 2.271912
0.00060326 2.275167
0.00060339 2.278423
0.00060352 2.281678
0.00060365 2.284933
0.00060378 2.288188
0.00060391 2.291443
0.00060404 2.294699
0.00060417 2.297954
0.00060430 2.301209
0.00060443 2.304464
0.00060456 2.307719
0.00060469 2.310975
0.00060482 2.314230
0.00060495 2.317485
0.00060508 2.320740
0.00060521 2.323995
0.00060534 2.327251
0.00060547 2.330506
0.00060560 2.333761
0.00060573 2.337016
0.00060586 2.340271
0.00060599 2.343527
0.00060612 2.346782
0.00060625 2.350037
0.00060638 2.353292
0.00060651 2.356548
0.00060664 2.359803
0.00060677 2.363058
0.00060690 2.366313
0.00060703 2.369568
0.00060716 2.372824
0.00060729 2.376079
0.00060742 2.379334
0.00060755 2.382589
0.00060768 2.385844
0.00060781 2.389100
0.00060794 2.392355
0.00060807 2.395610
0.00060820 2.398865
0.00060833 2.402120
0.00060846 2.405376
0.00060859 2.408631
0.00060872 2.411886
0.00060885 2.415141
0.00060898 2.418396
0.00060911 2.421652
0.00060924 2.424907
0.00060937 2.428162
0.00060951 2.431417
0.00060964 2.434673
0.00060977 2.437928
0.00060990 2.441183
0.00061003 2.444438
0.00061016 2.447693
0.00061029 2.450949
0.00061042 2.454204
0.00061055 2.457459
0.00061068 2.460714
0.00061081 2.463969
0.00061094 2.467225
0.00061107 2.470480
0.00061120 2.473735
0.00061133 2.476990
0.00061146 2.480245
0.00061159 2.483501
0.00061172 2.486756
0.00061185 2.490011
0.00061198 2.493266
0.00061211 2.496521
0.00061224 2.499777
0.00061237 2.503032
0.00061250 2.506287
0.00061263 2.509542
0.00061276 2.512798
0.00061289 2.516053
0.00061302 2.519308
0.00061315 2.522563
0.00061328 2.525818
0.00061341 2.529074
0.00061354 2.532329
0.00061367 2.535584
0.00061380 2.538839
0.00061393 2.542094
0.00061406 2.545350
0.00061419 2.548605
0.00061432 2.551860
0.00061445 2.555115
0.00061458 2.558370
0.00061471 2.561626
0.00061484 2.564881
0.00061497 2.568136
0.00061510 2.571391
0.00061523 2.574646
0.00061536 2.577902
0.00061549 2.581157
0.00061562 2.584412
0.00061576 2.587667
0.00061589 2.590923
0.00061602 2.594178
0.00061615 2.597433
0.00061628 2.600688
0.00061641 2.603943
0.00061654 2.607199
0.00061667 2.610454
0.00061680 2.613709
0.00061693 2.616964
0.00061706 2.620219
0.00061719 2.623475
0.00061732 2.626730
0.00061745 2.629985
0.00061758 2.633240
0.00061771 2.636495
0.00061784 2.639751
0.00061797 2.643006
0.00061810 2.646261
0.00061823 2.649516
0.00061836 2.652771
0.00061849 2.656027
0.00061862 2.659282
0.00061875 2.662537
0.00061888 2.665792
0.00061901 2.669048
0.00061914 2.672303
0.00061927 2.675558
0.00061940 2.678813
0.00061953 2.682068
0.00061966 2.685324
0.00061979 2.688579
0.00061992 2.691834
0.00062005 2.695089
0.00062018 2.698344
0.00062031 2.701600
0.00062044 2.704855
0.00062057 2.708110
0.00062070 2.711365
0.00062083 2.714620
0.00062096 2.717876
0.00062109 2.721131
0.00062122 2.724386
0.00062135 2.727641
0.00062148 2.730896
0.00062161 2.734152
0.00062174 2.737407
0.00062187 2.740662
0.00062201 2.743917
0.00062214 2.747173
0.00062227 2.750428
0.00062240 2.753683
0.00062253 2.756938
0.00062266 2.760193
0.00062279 2.763449
0.00062292 2.766704
0.00062305 2.769959
0.00062318 2.773214
0.00062331 2.776469
0.00062344 2.779725
0.00062357 2.782980
0.00062370 2.786235
0.00062383 2.789490
0.00062396 2.792745
0.00062409 2.796001
0.00062422 2.799256
0.00062435 2.802511
0.00062448 2.805766
0.00062461 2.809021
0.00062474 2.812277
0.00062487 2.815532
0.00062500 2.818787
0.00062513 2.822042
0.00062526 2.825298
0.00062539 2.828553
0.00062552 2.831808
0.00062565 2.835063
0.00062578 2.838318
0.00062591 2.841574
0.00062604 2.844829
0.00062617 2.848084
0.00062630 2.851339
0.00062643 2.854594
0.00062656 2.857850
0.00062669 2.861105
0.00062682 2.864360
0.00062695 2.867615
0.00062708 2.870870
0.00062721 2.874126
0.00062734 2.877381
0.00062747 2.880636
0.00062760 2.883891
0.00062773 2.887146
0.00062786 2.890402
0.00062799 2.893657
0.00062812 2.896912
0.00062826 2.900167
0.00062839 2.903423
0.00062852 2.906678
0.00062865 2.909933
0.00062878 2.913188
0.00062891 2.916443
0.00062904 2.919699
0.00062917 2.922954
0.00062930 2.926209
0.00062943 2.929464
0.00062956 2.932719
0.00062969 2.935975
0.00062982 2.939230
0.00062995 2.942485
0.00063008 2.945740
0.00063021 2.948995
0.00063034 2.952251
0.00063047 2.955506
0.00063060 2.958761
0.00063073 2.962016
0.00063086 2.965271
0.00063099 2.968527
0.00063112 2.971782
0.00063125 2.975037
0.00063138 2.978292
0.00063151 2.981548
0.00063164 2.984803
0.00063177 2.988058
0.00063190 2.991313
0.00063203 2.994568
0.00063216 2.997824
0.00063594 2.822061
0.00063607 2.825316
0.00063620 2.828572
0.00063633 2.831827
0.00063646 2.835082
0.00063659 2.838337
0.00063672 2.841592
0.00063685 2.844848
0.00063698 2.848103
0.00063711 2.851358
0.00063724 2.854613
0.00063737 2.857868
0.00063750 2.861124
0.00063763 2.864379
0.00063776 2.867634
0.00063789 2.870889
0.00063802 2.874145
0.00063815 2.877400
0.00063828 2.880655
0.00063841 2.883910
0.00063854 2.887165
0.00063867 2.890421
0.00063880 2.893676
0.00063893 2.896931
0.00063906 2.900186
0.00063919 2.903441
0.00063932 2.906697
0.00063945 2.909952
0.00063958 2.913207
0.00063971 2.916462
0.00063984 2.919717
0.00063997 2.922973
0.00064010 2.926228
0.00064023 2.929483
0.00064036 2.932738
0.00064049 2.935993
0.00064062 2.939249
0.00064076 2.942504
0.00064089 2.945759
0.00064102 2.949014
0.00064115 2.952270
0.00064128 2.955525
0.00064141 2.958780
0.00064154 2.962035
0.00064167 2.965290
0.00064180 2.968546
0.00064193 2.971801
0.00064206 2.975056
0.00064219 2.978311
0.00064232 2.981566
0.00064245 2.984822
0.00064258 2.988077
0.00064271 2.991332
0.00064284 2.994587
0.00064297 2.997842
0.00066940 1.689211
0.00066953 1.692466
0.00066966 1.695721
0.00066979 1.698977
0.00066992 1.702232
0.00067005 1.705487
0.00067018 1.708742
0.00067031 1.711997
0.00067044 1.715253
0.00067057 1.718508
0.00067070 1.721763
0.00067083 1.725018
0.00067096 1.728273
0.00067109 1.731529
0.00067122 1.734784
0.00067135 1.738039
0.00067148 1.741294
0.00067161 1.744549
0.00067174 1.747805
0.00067187 1.751060
0.00067201 1.754315
0.00067214 1.757570
0.00067227 1.760826
0.00067240 1.764081
0.00067253 1.767336
0.00067266 1.770591
0.00067279 1.773846
0.00067292 1.777102
0.00067305 1.780357
0.00067318 1.783612
0.00067331 1.786867
0.00067344 1.790122
0.00067357 1.793378
0.00067370 1.796633
0.00067383 1.799888
0.00067396 1.803143
0.00067409 1.806398
0.00067422 1.809654
0.00067435 1.812909
0.00067448 1.816164
0.00067461 1.819419
0.00067474 1.822674
0.00067487 1.825930
0.00067500 1.829185
0.00067513 1.832440
0.00067526 1.835695
0.00067539 1.838951
0.00067552 1.842206
0.00067565 1.845461
0.00067578 1.848716
0.00067591 1.851971
0.00067604 1.855227
0.00067617 1.858482
0.00067630 1.861737
0.00067643 1.864992
0.00067656 1.868247
0.00067669 1.871503
0.00067682 1.874758
0.00067695 1.878013
0.00067708 1.881268
0.00067721 1.884523
0.00067734 1.887779
0.00067747 1.891034
0.00067760 1.894289
0.00067773 1.897544
0.00067786 1.900799
0.00067799 1.904055
0.00067812 1.907310
0.00067826 1.910565
0.00067839 1.913820
0.00067852 1.917076
0.00067865 1.920331
0.00067878 1.923586
0.00067891 1.926841
0.00067904 1.930096
0.00067917 1.933352
0.00067930 1.936607
0.00067943 1.939862
0.00067956 1.943117
0.00067969 1.946372
0.00067982 1.949628
0.00067995 1.952883
0.00068008 1.956138
0.00068021 1.959393
0.00068034 1.962648
0.00068047 1.965904
0.00068060 1.969159
0.00068073 1.972414
0.00068086 1.975669
0.00068099 1.978924
0.00068112 1.982180
0.00068125 1.985435
0.00068138 1.988690
0.00068151 1.991945
0.00068164 1.995201
0.00068177 1.998456
0.00068190 2.001711
0.00068203 2.004966
0.00068216 2.008221
0.00068229 2.011477
0.00068242 2.014732
0.00068255 2.017987
0.00068268 2.021242
0.00068281 2.024497
0.00068294 2.027753
0.00068307 2.031008
0.00068320 2.034263
0.00068333 2.037518
0.00068346 2.040773
0.00068359 2.044029
0.00068372 2.047284
0.00068385 2.050539
0.00068398 2.053794
0.00068411 2.057049
0.00068424 2.060305
0.00068437 2.063560
0.00068451 2.066815
0.00068464 2.070070
0.00068477 2.073326
0.00068490 2.076581
0.00068503 2.079836
0.00068516 2.083091
0.00068529 2.086346
0.00068542 2.089602
0.00068555 2.092857
0.00068568 2.096112
0.00068581 2.099367
0.00068594 2.102622
0.00068607 2.105878
0.00068620 2.109133
0.00068633 2.112388
0.00068646 2.115643
0.00068659 2.118898
0.00068672 2.122154
0.00068685 2.125409
0.00068698 2.128664
0.00068711 2.131919
0.00068724 2.135174
0.00068737 2.138430
0.00068750 2.141685
0.00068763 2.144940
0.00068776 2.148195
0.00068789 2.151451
0.00068802 2.154706
0.00068815 2.157961
0.00068828 2.161216
0.00068841 2.164471
0.00068854 2.167727
0.00068867 2.170982
0.00068880 2.174237
0.00068893 2.177492
0.00068906 2.180747
0.00068919 2.184003
0.00068932 2.187258
0.00068945 2.190513
0.00068958 2.193768
0.00068971 2.197023
0.00068984 2.200279
0.00068997 2.203534
0.00069010 2.206789
0.00069023 2.210044
0.00069036 2.213299
0.00069049 2.216555
0.00069062 2.219810
0.00069076 2.223065
0.00069089 2.226320
0.00069102 2.229576
0.00069115 2.232831
0.00069128 2.236086
0.00069141 2.239341
0.00069154 2.242596
0.00069167 2.245852
0.00069180 2.249107
0.00069193 2.252362
0.00069206 2.255617
0.00069219 2.258872
0.00069232 2.262128
0.00069245 2.265383
0.00069258 2.268638
0.00069271 2.271893
0.00069284 2.275148
0.00069297 2.278404
0.00069310 2.281659
0.00069323 2.284914
0.00069336 2.288169
0.00069349 2.291424
0.00069362 2.294680
0.00069375 2.297935
0.00069388 2.301190
0.00069401 2.304445
0.00069414 2.307701
0.00069427 2.310956
0.00069440 2.314211
0.00069453 2.317466
0.00069466 2.320721
0.00069479 2.323977
0.00069492 2.327232
0.00069505 2.330487
0.00069518 2.333742
0.00069531 2.336997
0.00069544 2.340253
0.00069557 2.343508
0.00069570 2.346763
0.00069583 2.350018
0.00069596 2.353273
0.00069609 2.356529
0.00069622 2.359784
0.00069635 2.363039
0.00069648 2.366294
0.00069661 2.369549
0.00069674 2.372805
0.00069687 2.376060
0.00069701 2.379315
0.00069714 2.382570
0.00069727 2.385826
0.00069740 2.389081
0.00069753 2.392336
0.00069766 2.395591
0.00069779 2.398846
0.00069792 2.402102
0.00069805 2.405357
0.00069818 2.408612
0.00069831 2.411867
0.00069844 2.415122
0.00069857 2.418378
0.00069870 2.421633
0.00069883 2.424888
0.00069896 2.428143
0.00069909 2.431398
0.00069922 2.434654
0.00069935 2.437909
0.00069948 2.441164
0.00069961 2.444419
0.00069974 2.447674
0.00069987 2.450930
0.00070000 2.454185
0.00070013 2.457440
0.00070026 2.460695
0.00070039 2.463951
0.00070052 2.467206
0.00070065 2.470461
0.00070078 2.473716
0.00070091 2.476971
0.00070104 2.480227
0.00070117 2.483482
0.00070130 2.486737
0.00070143 2.489992
0.00070156 2.493247
0.00070169 2.496503
0.00070182 2.499758
0.00070195 2.503013
0.00070208 2.506268
0.00070221 2.509523
0.00070234 2.512779
0.00070247 2.516034
0.00070260 2.519289
0.00070273 2.522544
