0.00000352 2.499427
0.00000356 2.498758
0.00000361 2.498089
0.00000366 2.497421
0.00000371 2.496752
0.00000376 2.496083
0.00000381 2.495414
0.00000386 2.494745
0.00000391 2.494076
0.00000396 2.493407
0.00000400 2.492738
0.00000405 2.492069
0.00000410 2.491400
0.00000415 2.490731
0.00000420 2.490062
0.00000425 2.489393
0.00000430 2.488724
0.00000435 2.488055
0.00000439 2.487386
0.00000444 2.486717
0.00000449 2.486048
0.00000454 2.485380
0.00000459 2.484711
0.00000464 2.484042
0.00000469 2.483373
0.00000474 2.482704
0.00000479 2.482035
0.00000483 2.481366
0.00000488 2.480697
0.00000493 2.480028
0.00000498 2.479359
0.00000503 2.478690
0.00000508 2.478021
0.00000513 2.477352
0.00000518 2.476683
0.00000522 2.476014
0.00000527 2.475345
0.00000532 2.474676
0.00000537 2.474007
0.00000542 2.473339
0.00000547 2.472670
0.00000552 2.472001
0.00000557 2.471332
0.00000562 2.470663
0.00000566 2.469994
0.00000571 2.469325
0.00000576 2.468656
0.00000581 2.467987
0.00000586 2.467318
0.00000591 2.466649
0.00000596 2.465980
0.00000601 2.465311
0.00000605 2.464642
0.00000610 2.463973
0.00000615 2.463304
0.00000620 2.462635
0.00000625 2.461966
0.00000630 2.461298
0.00000635 2.460629
0.00000640 2.459960
0.00000645 2.459291
0.00000649 2.458622
0.00000654 2.457953
0.00000659 2.457284
0.00000664 2.456615
0.00000669 2.455946
0.00000674 2.455277
0.00000679 2.454608
0.00000684 2.453939
0.00000688 2.453270
0.00000693 2.452601
0.00000698 2.451932
0.00000703 2.451263
0.00000708 2.450594
0.00000713 2.449925
0.00000718 2.449256
0.00000723 2.448588
0.00000728 2.447919
0.00000732 2.447250
0.00000737 2.446581
0.00000742 2.445912
0.00000747 2.445243
0.00000752 2.444574
0.00000757 2.443905
0.00000762 2.443236
0.00000767 2.442567
0.00000771 2.441898
0.00000776 2.441229
0.00000781 2.440560
0.00000786 2.439891
0.00000791 2.439222
0.00000796 2.438553
0.00000801 2.437884
0.00000806 2.437215
0.00000811 2.436547
0.00000815 2.435878
0.00000820 2.435209
0.00000825 2.434540
0.00000830 2.433871
0.00000835 2.433202
0.00000840 2.432533
0.00000845 2.431864
0.00000850 2.431195
0.00000854 2.430526
0.00000859 2.429857
0.00000864 2.429188
0.00000869 2.428519
0.00000874 2.427850
0.00000879 2.427181
0.00000884 2.426512
0.00000889 2.425843
0.00000894 2.425174
0.00000898 2.424506
0.00000903 2.423837
0.00000908 2.423168
0.00000913 2.422499
0.00000918 2.421830
0.00000923 2.421161
0.00000928 2.420492
0.00000933 2.419823
0.00000937 2.419154
0.00000942 2.418485
0.00000947 2.417816
0.00000952 2.417147
0.00000957 2.416478
0.00000962 2.415809
0.00000967 2.415140
0.00000972 2.414471
0.00000977 2.413802
0.00000981 2.413133
0.00000986 2.412464
0.00000991 2.411796
0.00000996 2.411127
0.00001001 2.410458
0.00001006 2.409789
0.00001011 2.409120
0.00001016 2.408451
0.00001021 2.407782
0.00001025 2.407113
0.00001030 2.406444
0.00001035 2.405775
0.00001040 2.405106
0.00001045 2.404437
0.00001050 2.403768
0.00001055 2.403099
0.00001060 2.402430
0.00001064 2.401761
0.00001069 2.401092
0.00001074 2.400423
0.00001079 2.399755
0.00001084 2.399086
0.00001089 2.398417
0.00001094 2.397748
0.00001099 2.397079
0.00001104 2.396410
0.00001108 2.395741
0.00001113 2.395072
0.00001118 2.394403
0.00001123 2.393734
0.00001128 2.393065
0.00001133 2.392396
0.00001138 2.391727
0.00001143 2.391058
0.00001147 2.390389
0.00001152 2.389720
0.00001157 2.389051
0.00001162 2.388382
0.00001167 2.387714
0.00001172 2.387045
0.00001177 2.386376
0.00001182 2.385707
0.00001187 2.385038
0.00001191 2.384369
0.00001196 2.383700
0.00001201 2.383031
0.00001206 2.382362
0.00001211 2.381693
0.00001216 2.381024
0.00001221 2.380355
0.00001226 2.379686
0.00001230 2.379017
0.00001235 2.378348
0.00001240 2.377679
0.00001245 2.377010
0.00001250 2.376341
0.00001255 2.375672
0.00001606 2.499427
0.00001611 2.498758
0.00001616 2.498089
0.00001621 2.497421
0.00001626 2.496752
0.00001631 2.496083
0.00001636 2.495414
0.00001641 2.494745
0.00001646 2.494076
0.00001650 2.493407
0.00001655 2.492738
0.00001660 2.492069
0.00001665 2.491400
0.00001670 2.490731
0.00001675 2.490062
0.00001680 2.489393
0.00001685 2.488724
0.00001689 2.488055
0.00001694 2.487386
0.00001699 2.486717
0.00001704 2.486048
0.00001709 2.485380
0.00001714 2.484711
0.00001719 2.484042
0.00001724 2.483373
0.00001729 2.482704
0.00001733 2.482035
0.00001738 2.481366
0.00001743 2.480697
0.00001748 2.480028
0.00001753 2.479359
0.00001758 2.478690
0.00001763 2.478021
0.00001768 2.477352
0.00001772 2.476683
0.00001777 2.476014
0.00001782 2.475345
0.00001787 2.474676
0.00001792 2.474007
0.00001797 2.473339
0.00001802 2.472670
0.00001807 2.472001
0.00001812 2.471332
0.00001816 2.470663
0.00001821 2.469994
0.00001826 2.469325
0.00001831 2.468656
0.00001836 2.467987
0.00001841 2.467318
0.00001846 2.466649
0.00001851 2.465980
0.00001855 2.465311
0.00001860 2.464642
0.00001865 2.463973
0.00001870 2.463304
0.00001875 2.462635
0.00001880 2.461966
0.00001885 2.461298
0.00001890 2.460629
0.00001895 2.459960
0.00001899 2.459291
0.00001904 2.458622
0.00001909 2.457953
0.00001914 2.457284
0.00001919 2.456615
0.00001924 2.455946
0.00001929 2.455277
0.00001934 2.454608
0.00001938 2.453939
0.00001943 2.453270
0.00001948 2.452601
0.00001953 2.451932
0.00001958 2.451263
0.00001963 2.450594
0.00001968 2.449925
0.00001973 2.449256
0.00001978 2.448588
0.00001982 2.447919
0.00001987 2.447250
0.00001992 2.446581
0.00001997 2.445912
0.00002002 2.445243
0.00002007 2.444574
0.00002012 2.443905
0.00002017 2.443236
0.00002021 2.442567
0.00002026 2.441898
0.00002031 2.441229
0.00002036 2.440560
0.00002041 2.439891
0.00002046 2.439222
0.00002051 2.438553
0.00002056 2.437884
0.00002061 2.437215
0.00002065 2.436547
0.00002070 2.435878
0.00002075 2.435209
0.00002080 2.434540
0.00002085 2.433871
0.00002090 2.433202
0.00002095 2.432533
0.00002100 2.431864
0.00002104 2.431195
0.00002109 2.430526
0.00002114 2.429857
0.00002119 2.429188
0.00002124 2.428519
0.00002129 2.427850
0.00002134 2.427181
0.00002139 2.426512
0.00002144 2.425843
0.00002148 2.425174
0.00002153 2.424506
0.00002158 2.423837
0.00002163 2.423168
0.00002168 2.422499
0.00002173 2.421830
0.00002178 2.421161
0.00002183 2.420492
0.00002188 2.419823
0.00002192 2.419154
0.00002197 2.418485
0.00002202 2.417816
0.00002207 2.417147
0.00002212 2.416478
0.00002217 2.415809
0.00002222 2.415140
0.00002227 2.414471
0.00002231 2.413802
0.00002236 2.413133
0.00002241 2.412464
0.00002246 2.411796
0.00002251 2.411127
0.00002256 2.410458
0.00002261 2.409789
0.00002266 2.409120
0.00002271 2.408451
0.00002275 2.407782
0.00002280 2.407113
0.00002285 2.406444
0.00002290 2.405775
0.00002295 2.405106
0.00002300 2.404437
0.00002305 2.403768
0.00002310 2.403099
0.00002314 2.402430
0.00002319 2.401761
0.00002324 2.401092
0.00002329 2.400423
0.00002334 2.399755
0.00002339 2.399086
0.00002344 2.398417
0.00002349 2.397748
0.00002354 2.397079
0.00002358 2.396410
0.00002363 2.395741
0.00002368 2.395072
0.00002373 2.394403
0.00002378 2.393734
0.00002383 2.393065
0.00002388 2.392396
0.00002393 2.391727
0.00002397 2.391058
0.00002402 2.390389
0.00002407 2.389720
0.00002412 2.389051
0.00002417 2.388382
0.00002422 2.387714
0.00002427 2.387045
0.00002432 2.386376
0.00002437 2.385707
0.00002441 2.385038
0.00002446 2.384369
0.00002451 2.383700
0.00002456 2.383031
0.00002461 2.382362
0.00002466 2.381693
0.00002471 2.381024
0.00002476 2.380355
0.00002480 2.379686
0.00002485 2.379017
0.00002490 2.378348
0.00002495 2.377679
0.00002500 2.377010
0.00002505 2.376341
0.00002510 2.375672
0.00002861 2.499427
0.00002866 2.498758
0.00002871 2.498089
0.00002876 2.497421
0.00002881 2.496752
0.00002886 2.496083
0.00002891 2.495414
0.00002896 2.494745
0.00002900 2.494076
0.00002905 2.493407
0.00002910 2.492738
0.00002915 2.492069
0.00002920 2.491400
0.00002925 2.490731
0.00002930 2.490062
0.00002935 2.489393
0.00002939 2.488724
0.00002944 2.488055
0.00002949 2.487386
0.00002954 2.486717
0.00002959 2.486048
0.00002964 2.485380
0.00002969 2.484711
0.00002974 2.484042
0.00002979 2.483373
0.00002983 2.482704
0.00002988 2.482035
0.00002993 2.481366
0.00002998 2.480697
0.00003003 2.480028
0.00003008 2.479359
0.00003013 2.478690
0.00003018 2.478021
0.00003022 2.477352
0.00003027 2.476683
0.00003032 2.476014
0.00003037 2.475345
0.00003042 2.474676
0.00003047 2.474007
0.00003052 2.473339
0.00003057 2.472670
0.00003062 2.472001
0.00003066 2.471332
0.00003071 2.470663
0.00003076 2.469994
0.00003081 2.469325
0.00003086 2.468656
0.00003091 2.467987
0.00003096 2.467318
0.00003101 2.466649
0.00003105 2.465980
0.00003110 2.465311
0.00003115 2.464642
0.00003120 2.463973
0.00003125 2.463304
0.00003130 2.462635
0.00003135 2.461966
0.00003140 2.461298
0.00003145 2.460629
0.00003149 2.459960
0.00003154 2.459291
0.00003159 2.458622
0.00003164 2.457953
0.00003169 2.457284
0.00003174 2.456615
0.00003179 2.455946
0.00003184 2.455277
0.00003188 2.454608
0.00003193 2.453939
0.00003198 2.453270
0.00003203 2.452601
0.00003208 2.451932
0.00003213 2.451263
0.00003218 2.450594
0.00003223 2.449925
0.00003228 2.449256
0.00003232 2.448588
0.00003237 2.447919
0.00003242 2.447250
0.00003247 2.446581
0.00003252 2.445912
0.00003257 2.445243
0.00003262 2.444574
0.00003267 2.443905
0.00003271 2.443236
0.00003276 2.442567
0.00003281 2.441898
0.00003286 2.441229
0.00003291 2.440560
0.00003296 2.439891
0.00003301 2.439222
0.00003306 2.438553
0.00003311 2.437884
0.00003315 2.437215
0.00003320 2.436547
0.00003325 2.435878
0.00003330 2.435209
0.00003335 2.434540
0.00003340 2.433871
0.00003345 2.433202
0.00003350 2.432533
0.00003354 2.431864
0.00003359 2.431195
0.00003364 2.430526
0.00003369 2.429857
0.00003374 2.429188
0.00003379 2.428519
0.00003384 2.427850
0.00003389 2.427181
0.00003394 2.426512
0.00003398 2.425843
0.00003403 2.425174
0.00003408 2.424506
0.00003413 2.423837
0.00003418 2.423168
0.00003423 2.422499
0.00003428 2.421830
0.00003433 2.421161
0.00003438 2.420492
0.00003442 2.419823
0.00003447 2.419154
0.00003452 2.418485
0.00003457 2.417816
0.00003462 2.417147
0.00003467 2.416478
0.00003472 2.415809
0.00003477 2.415140
0.00003481 2.414471
0.00003486 2.413802
0.00003491 2.413133
0.00003496 2.412464
0.00003501 2.411796
0.00003506 2.411127
0.00003511 2.410458
0.00003516 2.409789
0.00003521 2.409120
0.00003525 2.408451
0.00003530 2.407782
0.00003535 2.407113
0.00003540 2.406444
0.00003545 2.405775
0.00003550 2.405106
0.00003555 2.404437
0.00003560 2.403768
0.00003564 2.403099
0.00003569 2.402430
0.00003574 2.401761
0.00003579 2.401092
0.00003584 2.400423
0.00003589 2.399755
0.00003594 2.399086
0.00003599 2.398417
0.00003604 2.397748
0.00003608 2.397079
0.00003613 2.396410
0.00003618 2.395741
0.00003623 2.395072
0.00003628 2.394403
0.00003633 2.393734
0.00003638 2.393065
0.00003643 2.392396
0.00003647 2.391727
0.00003652 2.391058
0.00003657 2.390389
0.00003662 2.389720
0.00003667 2.389051
0.00003672 2.388382
0.00003677 2.387714
0.00003682 2.387045
0.00003687 2.386376
0.00003691 2.385707
0.00003696 2.385038
0.00003701 2.384369
0.00003706 2.383700
0.00003711 2.383031
0.00003716 2.382362
0.00003721 2.381693
0.00003726 2.381024
0.00003730 2.380355
0.00003735 2.379686
0.00003740 2.379017
0.00003745 2.378348
0.00003750 2.377679
0.00003755 2.377010
0.00003760 2.376341
0.00003765 2.375672
0.00004116 2.499427
0.00004121 2.498758
0.00004126 2.498089
0.00004131 2.497421
0.00004136 2.496752
0.00004141 2.496083
0.00004146 2.495414
0.00004150 2.494745
0.00004155 2.494076
0.00004160 2.493407
0.00004165 2.492738
0.00004170 2.492069
0.00004175 2.491400
0.00004180 2.490731
0.00004185 2.490062
0.00004189 2.489393
0.00004194 2.488724
0.00004199 2.488055
0.00004204 2.487386
0.00004209 2.486717
0.00004214 2.486048
0.00004219 2.485380
0.00004224 2.484711
0.00004229 2.484042
0.00004233 2.483373
0.00004238 2.482704
0.00004243 2.482035
0.00004248 2.481366
0.00004253 2.480697
0.00004258 2.480028
0.00004263 2.479359
0.00004268 2.478690
0.00004272 2.478021
0.00004277 2.477352
0.00004282 2.476683
0.00004287 2.476014
0.00004292 2.475345
0.00004297 2.474676
0.00004302 2.474007
0.00004307 2.473339
0.00004312 2.472670
0.00004316 2.472001
0.00004321 2.471332
0.00004326 2.470663
0.00004331 2.469994
0.00004336 2.469325
0.00004341 2.468656
0.00004346 2.467987
0.00004351 2.467318
0.00004355 2.466649
0.00004360 2.465980
0.00004365 2.465311
0.00004370 2.464642
0.00004375 2.463973
0.00004380 2.463304
0.00004385 2.462635
0.00004390 2.461966
0.00004395 2.461298
0.00004399 2.460629
0.00004404 2.459960
0.00004409 2.459291
0.00004414 2.458622
0.00004419 2.457953
0.00004424 2.457284
0.00004429 2.456615
0.00004434 2.455946
0.00004438 2.455277
0.00004443 2.454608
0.00004448 2.453939
0.00004453 2.453270
0.00004458 2.452601
0.00004463 2.451932
0.00004468 2.451263
0.00004473 2.450594
0.00004478 2.449925
0.00004482 2.449256
0.00004487 2.448588
0.00004492 2.447919
0.00004497 2.447250
0.00004502 2.446581
0.00004507 2.445912
0.00004512 2.445243
0.00004517 2.444574
0.00004521 2.443905
0.00004526 2.443236
0.00004531 2.442567
0.00004536 2.441898
0.00004541 2.441229
0.00004546 2.440560
0.00004551 2.439891
0.00004556 2.439222
0.00004561 2.438553
0.00004565 2.437884
0.00004570 2.437215
0.00004575 2.436547
0.00004580 2.435878
0.00004585 2.435209
0.00004590 2.434540
0.00004595 2.433871
0.00004600 2.433202
0.00004604 2.432533
0.00004609 2.431864
0.00004614 2.431195
0.00004619 2.430526
0.00004624 2.429857
0.00004629 2.429188
0.00004634 2.428519
0.00004639 2.427850
0.00004644 2.427181
0.00004648 2.426512
0.00004653 2.425843
0.00004658 2.425174
0.00004663 2.424506
0.00004668 2.423837
0.00004673 2.423168
0.00004678 2.422499
0.00004683 2.421830
0.00004688 2.421161
0.00004692 2.420492
0.00004697 2.419823
0.00004702 2.419154
0.00004707 2.418485
0.00004712 2.417816
0.00004717 2.417147
0.00004722 2.416478
0.00004727 2.415809
0.00004731 2.415140
0.00004736 2.414471
0.00004741 2.413802
0.00004746 2.413133
0.00004751 2.412464
0.00004756 2.411796
0.00004761 2.411127
0.00004766 2.410458
0.00004771 2.409789
0.00004775 2.409120
0.00004780 2.408451
0.00004785 2.407782
0.00004790 2.407113
0.00004795 2.406444
0.00004800 2.405775
0.00004805 2.405106
0.00004810 2.404437
0.00004814 2.403768
0.00004819 2.403099
0.00004824 2.402430
0.00004829 2.401761
0.00004834 2.401092
0.00004839 2.400423
0.00004844 2.399755
0.00004849 2.399086
0.00004854 2.398417
0.00004858 2.397748
0.00004863 2.397079
0.00004868 2.396410
0.00004873 2.395741
0.00004878 2.395072
0.00004883 2.394403
0.00004888 2.393734
0.00004893 2.393065
0.00004897 2.392396
0.00004902 2.391727
0.00004907 2.391058
0.00004912 2.390389
0.00004917 2.389720
0.00004922 2.389051
0.00004927 2.388382
0.00004932 2.387714
0.00004937 2.387045
0.00004941 2.386376
0.00004946 2.385707
0.00004951 2.385038
0.00004956 2.384369
0.00004961 2.383700
0.00004966 2.383031
0.00004971 2.382362
0.00004976 2.381693
0.00004980 2.381024
0.00004985 2.380355
0.00004990 2.379686
0.00004995 2.379017
0.00005000 2.378348
0.00005005 2.377679
0.00005010 2.377010
0.00005015 2.376341
0.00005020 2.375672
0.00005371 2.499427
0.00005376 2.498758
0.00005381 2.498089
0.00005386 2.497421
0.00005391 2.496752
0.00005396 2.496083
0.00005400 2.495414
0.00005405 2.494745
0.00005410 2.494076
0.00005415 2.493407
0.00005420 2.492738
0.00005425 2.492069
0.00005430 2.491400
0.00005435 2.490731
0.00005439 2.490062
0.00005444 2.489393
0.00005449 2.488724
0.00005454 2.488055
0.00005459 2.487386
0.00005464 2.486717
0.00005469 2.486048
0.00005474 2.485380
0.00005479 2.484711
0.00005483 2.484042
0.00005488 2.483373
0.00005493 2.482704
0.00005498 2.482035
0.00005503 2.481366
0.00005508 2.480697
0.00005513 2.480028
0.00005518 2.479359
0.00005522 2.478690
0.00005527 2.478021
0.00005532 2.477352
0.00005537 2.476683
0.00005542 2.476014
0.00005547 2.475345
0.00005552 2.474676
0.00005557 2.474007
0.00005562 2.473339
0.00005566 2.472670
0.00005571 2.472001
0.00005576 2.471332
0.00005581 2.470663
0.00005586 2.469994
0.00005591 2.469325
0.00005596 2.468656
0.00005601 2.467987
0.00005605 2.467318
0.00005610 2.466649
0.00005615 2.465980
0.00005620 2.465311
0.00005625 2.464642
0.00005630 2.463973
0.00005635 2.463304
0.00005640 2.462635
0.00005645 2.461966
0.00005649 2.461298
0.00005654 2.460629
0.00005659 2.459960
0.00005664 2.459291
0.00005669 2.458622
0.00005674 2.457953
0.00005679 2.457284
0.00005684 2.456615
0.00005688 2.455946
0.00005693 2.455277
0.00005698 2.454608
0.00005703 2.453939
0.00005708 2.453270
0.00005713 2.452601
0.00005718 2.451932
0.00005723 2.451263
0.00005728 2.450594
0.00005732 2.449925
0.00005737 2.449256
0.00005742 2.448588
0.00005747 2.447919
0.00005752 2.447250
0.00005757 2.446581
0.00005762 2.445912
0.00005767 2.445243
0.00005771 2.444574
0.00005776 2.443905
0.00005781 2.443236
0.00005786 2.442567
0.00005791 2.441898
0.00005796 2.441229
0.00005801 2.440560
0.00005806 2.439891
0.00005811 2.439222
0.00005815 2.438553
0.00005820 2.437884
0.00005825 2.437215
0.00005830 2.436547
0.00005835 2.435878
0.00005840 2.435209
0.00005845 2.434540
0.00005850 2.433871
0.00005854 2.433202
0.00005859 2.432533
0.00005864 2.431864
0.00005869 2.431195
0.00005874 2.430526
0.00005879 2.429857
0.00005884 2.429188
0.00005889 2.428519
0.00005894 2.427850
0.00005898 2.427181
0.00005903 2.426512
0.00005908 2.425843
0.00005913 2.425174
0.00005918 2.424506
0.00005923 2.423837
0.00005928 2.423168
0.00005933 2.422499
0.00005938 2.421830
0.00005942 2.421161
0.00005947 2.420492
0.00005952 2.419823
0.00005957 2.419154
0.00005962 2.418485
0.00005967 2.417816
0.00005972 2.417147
0.00005977 2.416478
0.00005981 2.415809
0.00005986 2.415140
0.00005991 2.414471
0.00005996 2.413802
0.00006001 2.413133
0.00006006 2.412464
0.00006011 2.411796
0.00006016 2.411127
0.00006021 2.410458
0.00006025 2.409789
0.00006030 2.409120
0.00006035 2.408451
0.00006040 2.407782
0.00006045 2.407113
0.00006050 2.406444
0.00006055 2.405775
0.00006060 2.405106
0.00006064 2.404437
0.00006069 2.403768
0.00006074 2.403099
0.00006079 2.402430
0.00006084 2.401761
0.00006089 2.401092
0.00006094 2.400423
0.00006099 2.399755
0.00006104 2.399086
0.00006108 2.398417
0.00006113 2.397748
0.00006118 2.397079
0.00006123 2.396410
0.00006128 2.395741
0.00006133 2.395072
0.00006138 2.394403
0.00006143 2.393734
0.00006147 2.393065
0.00006152 2.392396
0.00006157 2.391727
0.00006162 2.391058
0.00006167 2.390389
0.00006172 2.389720
0.00006177 2.389051
0.00006182 2.388382
0.00006187 2.387714
0.00006191 2.387045
0.00006196 2.386376
0.00006201 2.385707
0.00006206 2.385038
0.00006211 2.384369
0.00006216 2.383700
0.00006221 2.383031
0.00006226 2.382362
0.00006230 2.381693
0.00006235 2.381024
0.00006240 2.380355
0.00006245 2.379686
0.00006250 2.379017
0.00006255 2.378348
0.00006260 2.377679
0.00006265 2.377010
0.00006270 2.376341
0.00006274 2.375672
0.00006626 2.499427
0.00006631 2.498758
0.00006636 2.498089
0.00006641 2.497421
0.00006646 2.496752
0.00006650 2.496083
0.00006655 2.495414
0.00006660 2.494745
0.00006665 2.494076
0.00006670 2.493407
0.00006675 2.492738
0.00006680 2.492069
0.00006685 2.491400
0.00006689 2.490731
0.00006694 2.490062
0.00006699 2.489393
0.00006704 2.488724
0.00006709 2.488055
0.00006714 2.487386
0.00006719 2.486717
0.00006724 2.486048
0.00006729 2.485380
0.00006733 2.484711
0.00006738 2.484042
0.00006743 2.483373
0.00006748 2.482704
0.00006753 2.482035
0.00006758 2.481366
0.00006763 2.480697
0.00006768 2.480028
0.00006772 2.479359
0.00006777 2.478690
0.00006782 2.478021
0.00006787 2.477352
0.00006792 2.476683
0.00006797 2.476014
0.00006802 2.475345
0.00006807 2.474676
0.00006812 2.474007
0.00006816 2.473339
0.00006821 2.472670
0.00006826 2.472001
0.00006831 2.471332
0.00006836 2.470663
0.00006841 2.469994
0.00006846 2.469325
0.00006851 2.468656
0.00006855 2.467987
0.00006860 2.467318
0.00006865 2.466649
0.00006870 2.465980
0.00006875 2.465311
0.00006880 2.464642
0.00006885 2.463973
0.00006890 2.463304
0.00006895 2.462635
0.00006899 2.461966
0.00006904 2.461298
0.00006909 2.460629
0.00006914 2.459960
0.00006919 2.459291
0.00006924 2.458622
0.00006929 2.457953
0.00006934 2.457284
0.00006938 2.456615
0.00006943 2.455946
0.00006948 2.455277
0.00006953 2.454608
0.00006958 2.453939
0.00006963 2.453270
0.00006968 2.452601
0.00006973 2.451932
0.00006978 2.451263
0.00006982 2.450594
0.00006987 2.449925
0.00006992 2.449256
0.00006997 2.448588
0.00007002 2.447919
0.00007007 2.447250
0.00007012 2.446581
0.00007017 2.445912
0.00007021 2.445243
0.00007026 2.444574
0.00007031 2.443905
0.00007036 2.443236
0.00007041 2.442567
0.00007046 2.441898
0.00007051 2.441229
0.00007056 2.440560
0.00007061 2.439891
0.00007065 2.439222
0.00007070 2.438553
0.00007075 2.437884
0.00007080 2.437215
0.00007085 2.436547
0.00007090 2.435878
0.00007095 2.435209
0.00007100 2.434540
0.00007104 2.433871
0.00007109 2.433202
0.00007114 2.432533
0.00007119 2.431864
0.00007124 2.431195
0.00007129 2.430526
0.00007134 2.429857
0.00007139 2.429188
0.00007144 2.428519
0.00007148 2.427850
0.00007153 2.427181
0.00007158 2.426512
0.00007163 2.425843
0.00007168 2.425174
0.00007173 2.424506
0.00007178 2.423837
0.00007183 2.423168
0.00007188 2.422499
0.00007192 2.421830
0.00007197 2.421161
0.00007202 2.420492
0.00007207 2.419823
0.00007212 2.419154
0.00007217 2.418485
0.00007222 2.417816
0.00007227 2.417147
0.00007231 2.416478
0.00007236 2.415809
0.00007241 2.415140
0.00007246 2.414471
0.00007251 2.413802
0.00007256 2.413133
0.00007261 2.412464
0.00007266 2.411796
0.00007271 2.411127
0.00007275 2.410458
0.00007280 2.409789
0.00007285 2.409120
0.00007290 2.408451
0.00007295 2.407782
0.00007300 2.407113
0.00007305 2.406444
0.00007310 2.405775
0.00007314 2.405106
0.00007319 2.404437
0.00007324 2.403768
0.00007329 2.403099
0.00007334 2.402430
0.00007339 2.401761
0.00007344 2.401092
0.00007349 2.400423
0.00007354 2.399755
0.00007358 2.399086
0.00007363 2.398417
0.00007368 2.397748
0.00007373 2.397079
0.00007378 2.396410
0.00007383 2.395741
0.00007388 2.395072
0.00007393 2.394403
0.00007397 2.393734
0.00007402 2.393065
0.00007407 2.392396
0.00007412 2.391727
0.00007417 2.391058
0.00007422 2.390389
0.00007427 2.389720
0.00007432 2.389051
0.00007437 2.388382
0.00007441 2.387714
0.00007446 2.387045
0.00007451 2.386376
0.00007456 2.385707
0.00007461 2.385038
0.00007466 2.384369
0.00007471 2.383700
0.00007476 2.383031
0.00007480 2.382362
0.00007485 2.381693
0.00007490 2.381024
0.00007495 2.380355
0.00007500 2.379686
0.00007505 2.379017
0.00007510 2.378348
0.00007515 2.377679
0.00007520 2.377010
0.00007524 2.376341
0.00007529 2.375672
0.00007881 2.499427
0.00007886 2.498758
0.00007891 2.498089
0.00007896 2.497421
0.00007900 2.496752
0.00007905 2.496083
0.00007910 2.495414
0.00007915 2.494745
0.00007920 2.494076
0.00007925 2.493407
0.00007930 2.492738
0.00007935 2.492069
0.00007939 2.491400
0.00007944 2.490731
0.00007949 2.490062
0.00007954 2.489393
0.00007959 2.488724
0.00007964 2.488055
0.00007969 2.487386
0.00007974 2.486717
0.00007979 2.486048
0.00007983 2.485380
0.00007988 2.484711
0.00007993 2.484042
0.00007998 2.483373
0.00008003 2.482704
0.00008008 2.482035
0.00008013 2.481366
0.00008018 2.480697
0.00008022 2.480028
0.00008027 2.479359
0.00008032 2.478690
0.00008037 2.478021
0.00008042 2.477352
0.00008047 2.476683
0.00008052 2.476014
0.00008057 2.475345
0.00008062 2.474676
0.00008066 2.474007
0.00008071 2.473339
0.00008076 2.472670
0.00008081 2.472001
0.00008086 2.471332
0.00008091 2.470663
0.00008096 2.469994
0.00008101 2.469325
0.00008105 2.468656
0.00008110 2.467987
0.00008115 2.467318
0.00008120 2.466649
0.00008125 2.465980
0.00008130 2.465311
0.00008135 2.464642
0.00008140 2.463973
0.00008145 2.463304
0.00008149 2.462635
0.00008154 2.461966
0.00008159 2.461298
0.00008164 2.460629
0.00008169 2.459960
0.00008174 2.459291
0.00008179 2.458622
0.00008184 2.457953
0.00008188 2.457284
0.00008193 2.456615
0.00008198 2.455946
0.00008203 2.455277
0.00008208 2.454608
0.00008213 2.453939
0.00008218 2.453270
0.00008223 2.452601
0.00008228 2.451932
0.00008232 2.451263
0.00008237 2.450594
0.00008242 2.449925
0.00008247 2.449256
0.00008252 2.448588
0.00008257 2.447919
0.00008262 2.447250
0.00008267 2.446581
0.00008271 2.445912
0.00008276 2.445243
0.00008281 2.444574
0.00008286 2.443905
0.00008291 2.443236
0.00008296 2.442567
0.00008301 2.441898
0.00008306 2.441229
0.00008311 2.440560
0.00008315 2.439891
0.00008320 2.439222
0.00008325 2.438553
0.00008330 2.437884
0.00008335 2.437215
0.00008340 2.436547
0.00008345 2.435878
0.00008350 2.435209
0.00008354 2.434540
0.00008359 2.433871
0.00008364 2.433202
0.00008369 2.432533
0.00008374 2.431864
0.00008379 2.431195
0.00008384 2.430526
0.00008389 2.429857
0.00008394 2.429188
0.00008398 2.428519
0.00008403 2.427850
0.00008408 2.427181
0.00008413 2.426512
0.00008418 2.425843
0.00008423 2.425174
0.00008428 2.424506
0.00008433 2.423837
0.00008437 2.423168
0.00008442 2.422499
0.00008447 2.421830
0.00008452 2.421161
0.00008457 2.420492
0.00008462 2.419823
0.00008467 2.419154
0.00008472 2.418485
0.00008477 2.417816
0.00008481 2.417147
0.00008486 2.416478
0.00008491 2.415809
0.00008496 2.415140
0.00008501 2.414471
0.00008506 2.413802
0.00008511 2.413133
0.00008516 2.412464
0.00008521 2.411796
0.00008525 2.411127
0.00008530 2.410458
0.00008535 2.409789
0.00008540 2.409120
0.00008545 2.408451
0.00008550 2.407782
0.00008555 2.407113
0.00008560 2.406444
0.00008564 2.405775
0.00008569 2.405106
0.00008574 2.404437
0.00008579 2.403768
0.00008584 2.403099
0.00008589 2.402430
0.00008594 2.401761
0.00008599 2.401092
0.00008604 2.400423
0.00008608 2.399755
0.00008613 2.399086
0.00008618 2.398417
0.00008623 2.397748
0.00008628 2.397079
0.00008633 2.396410
0.00008638 2.395741
0.00008643 2.395072
0.00008647 2.394403
0.00008652 2.393734
0.00008657 2.393065
0.00008662 2.392396
0.00008667 2.391727
0.00008672 2.391058
0.00008677 2.390389
0.00008682 2.389720
0.00008687 2.389051
0.00008691 2.388382
0.00008696 2.387714
0.00008701 2.387045
0.00008706 2.386376
0.00008711 2.385707
0.00008716 2.385038
0.00008721 2.384369
0.00008726 2.383700
0.00008730 2.383031
0.00008735 2.382362
0.00008740 2.381693
0.00008745 2.381024
0.00008750 2.380355
0.00008755 2.379686
0.00008760 2.379017
0.00008765 2.378348
0.00008770 2.377679
0.00008774 2.377010
0.00008779 2.376341
0.00008784 2.375672
0.00009136 2.499427
0.00009141 2.498758
0.00009146 2.498089
0.00009150 2.497421
0.00009155 2.496752
0.00009160 2.496083
0.00009165 2.495414
0.00009170 2.494745
0.00009175 2.494076
0.00009180 2.493407
0.00009185 2.492738
0.00009189 2.492069
0.00009194 2.491400
0.00009199 2.490731
0.00009204 2.490062
0.00009209 2.489393
0.00009214 2.488724
0.00009219 2.488055
0.00009224 2.487386
0.00009229 2.486717
0.00009233 2.486048
0.00009238 2.485380
0.00009243 2.484711
0.00009248 2.484042
0.00009253 2.483373
0.00009258 2.482704
0.00009263 2.482035
0.00009268 2.481366
0.00009272 2.480697
0.00009277 2.480028
0.00009282 2.479359
0.00009287 2.478690
0.00009292 2.478021
0.00009297 2.477352
0.00009302 2.476683
0.00009307 2.476014
0.00009312 2.475345
0.00009316 2.474676
0.00009321 2.474007
0.00009326 2.473339
0.00009331 2.472670
0.00009336 2.472001
0.00009341 2.471332
0.00009346 2.470663
0.00009351 2.469994
0.00009355 2.469325
0.00009360 2.468656
0.00009365 2.467987
0.00009370 2.467318
0.00009375 2.466649
0.00009380 2.465980
0.00009385 2.465311
0.00009390 2.464642
0.00009395 2.463973
0.00009399 2.463304
0.00009404 2.462635
0.00009409 2.461966
0.00009414 2.461298
0.00009419 2.460629
0.00009424 2.459960
0.00009429 2.459291
0.00009434 2.458622
0.00009438 2.457953
0.00009443 2.457284
0.00009448 2.456615
0.00009453 2.455946
0.00009458 2.455277
0.00009463 2.454608
0.00009468 2.453939
0.00009473 2.453270
0.00009478 2.452601
0.00009482 2.451932
0.00009487 2.451263
0.00009492 2.450594
0.00009497 2.449925
0.00009502 2.449256
0.00009507 2.448588
0.00009512 2.447919
0.00009517 2.447250
0.00009521 2.446581
0.00009526 2.445912
0.00009531 2.445243
0.00009536 2.444574
0.00009541 2.443905
0.00009546 2.443236
0.00009551 2.442567
0.00009556 2.441898
0.00009561 2.441229
0.00009565 2.440560
0.00009570 2.439891
0.00009575 2.439222
0.00009580 2.438553
0.00009585 2.437884
0.00009590 2.437215
0.00009595 2.436547
0.00009600 2.435878
0.00009604 2.435209
0.00009609 2.434540
0.00009614 2.433871
0.00009619 2.433202
0.00009624 2.432533
0.00009629 2.431864
0.00009634 2.431195
0.00009639 2.430526
0.00009644 2.429857
0.00009648 2.429188
0.00009653 2.428519
0.00009658 2.427850
0.00009663 2.427181
0.00009668 2.426512
0.00009673 2.425843
0.00009678 2.425174
0.00009683 2.424506
0.00009687 2.423837
0.00009692 2.423168
0.00009697 2.422499
0.00009702 2.421830
0.00009707 2.421161
0.00009712 2.420492
0.00009717 2.419823
0.00009722 2.419154
0.00009727 2.418485
0.00009731 2.417816
0.00009736 2.417147
0.00009741 2.416478
0.00009746 2.415809
0.00009751 2.415140
0.00009756 2.414471
0.00009761 2.413802
0.00009766 2.413133
0.00009771 2.412464
0.00009775 2.411796
0.00009780 2.411127
0.00009785 2.410458
0.00009790 2.409789
0.00009795 2.409120
0.00009800 2.408451
0.00009805 2.407782
0.00009810 2.407113
0.00009814 2.406444
0.00009819 2.405775
0.00009824 2.405106
0.00009829 2.404437
0.00009834 2.403768
0.00009839 2.403099
0.00009844 2.402430
0.00009849 2.401761
0.00009854 2.401092
0.00009858 2.400423
0.00009863 2.399755
0.00009868 2.399086
0.00009873 2.398417
0.00009878 2.397748
0.00009883 2.397079
0.00009888 2.396410
0.00009893 2.395741
0.00009897 2.395072
0.00009902 2.394403
0.00009907 2.393734
0.00009912 2.393065
0.00009917 2.392396
0.00009922 2.391727
0.00009927 2.391058
0.00009932 2.390389
0.00009937 2.389720
0.00009941 2.389051
0.00009946 2.388382
0.00009951 2.387714
0.00009956 2.387045
0.00009961 2.386376
0.00009966 2.385707
0.00009971 2.385038
0.00009976 2.384369
0.00009980 2.383700
0.00009985 2.383031
0.00009990 2.382362
0.00009995 2.381693
0.00010000 2.381024
0.00010005 2.380355
0.00010010 2.379686
0.00010015 2.379017
0.00010020 2.378348
0.00010024 2.377679
0.00010029 2.377010
0.00010034 2.376341
0.00010039 2.375672
0.00010391 2.499427
0.00010396 2.498758
0.00010400 2.498089
0.00010405 2.497421
0.00010410 2.496752
0.00010415 2.496083
0.00010420 2.495414
0.00010425 2.494745
0.00010430 2.494076
0.00010435 2.493407
0.00010439 2.492738
0.00010444 2.492069
0.00010449 2.491400
0.00010454 2.490731
0.00010459 2.490062
0.00010464 2.489393
0.00010469 2.488724
0.00010474 2.488055
0.00010479 2.487386
0.00010483 2.486717
0.00010488 2.486048
0.00010493 2.485380
0.00010498 2.484711
0.00010503 2.484042
0.00010508 2.483373
0.00010513 2.482704
0.00010518 2.482035
0.00010522 2.481366
0.00010527 2.480697
0.00010532 2.480028
0.00010537 2.479359
0.00010542 2.478690
0.00010547 2.478021
0.00010552 2.477352
0.00010557 2.476683
0.00010562 2.476014
0.00010566 2.475345
0.00010571 2.474676
0.00010576 2.474007
0.00010581 2.473339
0.00010586 2.472670
0.00010591 2.472001
0.00010596 2.471332
0.00010601 2.470663
0.00010605 2.469994
0.00010610 2.469325
0.00010615 2.468656
0.00010620 2.467987
0.00010625 2.467318
0.00010630 2.466649
0.00010635 2.465980
0.00010640 2.465311
0.00010645 2.464642
0.00010649 2.463973
0.00010654 2.463304
0.00010659 2.462635
0.00010664 2.461966
0.00010669 2.461298
0.00010674 2.460629
0.00010679 2.459960
0.00010684 2.459291
0.00010688 2.458622
0.00010693 2.457953
0.00010698 2.457284
0.00010703 2.456615
0.00010708 2.455946
0.00010713 2.455277
0.00010718 2.454608
0.00010723 2.453939
0.00010728 2.453270
0.00010732 2.452601
0.00010737 2.451932
0.00010742 2.451263
0.00010747 2.450594
0.00010752 2.449925
0.00010757 2.449256
0.00010762 2.448588
0.00010767 2.447919
0.00010771 2.447250
0.00010776 2.446581
0.00010781 2.445912
0.00010786 2.445243
0.00010791 2.444574
0.00010796 2.443905
0.00010801 2.443236
0.00010806 2.442567
0.00010811 2.441898
0.00010815 2.441229
0.00010820 2.440560
0.00010825 2.439891
0.00010830 2.439222
0.00010835 2.438553
0.00010840 2.437884
0.00010845 2.437215
0.00010850 2.436547
0.00010854 2.435878
0.00010859 2.435209
0.00010864 2.434540
0.00010869 2.433871
0.00010874 2.433202
0.00010879 2.432533
0.00010884 2.431864
0.00010889 2.431195
0.00010894 2.430526
0.00010898 2.429857
0.00010903 2.429188
0.00010908 2.428519
0.00010913 2.427850
0.00010918 2.427181
0.00010923 2.426512
0.00010928 2.425843
0.00010933 2.425174
0.00010937 2.424506
0.00010942 2.423837
0.00010947 2.423168
0.00010952 2.422499
0.00010957 2.421830
0.00010962 2.421161
0.00010967 2.420492
0.00010972 2.419823
0.00010977 2.419154
0.00010981 2.418485
0.00010986 2.417816
0.00010991 2.417147
0.00010996 2.416478
0.00011001 2.415809
0.00011006 2.415140
0.00011011 2.414471
0.00011016 2.413802
0.00011021 2.413133
0.00011025 2.412464
0.00011030 2.411796
0.00011035 2.411127
0.00011040 2.410458
0.00011045 2.409789
0.00011050 2.409120
0.00011055 2.408451
0.00011060 2.407782
0.00011064 2.407113
0.00011069 2.406444
0.00011074 2.405775
0.00011079 2.405106
0.00011084 2.404437
0.00011089 2.403768
0.00011094 2.403099
0.00011099 2.402430
0.00011104 2.401761
0.00011108 2.401092
0.00011113 2.400423
0.00011118 2.399755
0.00011123 2.399086
0.00011128 2.398417
0.00011133 2.397748
0.00011138 2.397079
0.00011143 2.396410
0.00011147 2.395741
0.00011152 2.395072
0.00011157 2.394403
0.00011162 2.393734
0.00011167 2.393065
0.00011172 2.392396
0.00011177 2.391727
0.00011182 2.391058
0.00011187 2.390389
0.00011191 2.389720
0.00011196 2.389051
0.00011201 2.388382
0.00011206 2.387714
0.00011211 2.387045
0.00011216 2.386376
0.00011221 2.385707
0.00011226 2.385038
0.00011230 2.384369
0.00011235 2.383700
0.00011240 2.383031
0.00011245 2.382362
0.00011250 2.381693
0.00011255 2.381024
0.00011260 2.380355
0.00011265 2.379686
0.00011270 2.379017
0.00011274 2.378348
0.00011279 2.377679
0.00011284 2.377010
0.00011289 2.376341
0.00011294 2.375672
0.00011646 2.499427
0.00011650 2.498758
0.00011655 2.498089
0.00011660 2.497421
0.00011665 2.496752
0.00011670 2.496083
0.00011675 2.495414
0.00011680 2.494745
0.00011685 2.494076
0.00011689 2.493407
0.00011694 2.492738
0.00011699 2.492069
0.00011704 2.491400
0.00011709 2.490731
0.00011714 2.490062
0.00011719 2.489393
0.00011724 2.488724
0.00011729 2.488055
0.00011733 2.487386
0.00011738 2.486717
0.00011743 2.486048
0.00011748 2.485380
0.00011753 2.484711
0.00011758 2.484042
0.00011763 2.483373
0.00011768 2.482704
0.00011772 2.482035
0.00011777 2.481366
0.00011782 2.480697
0.00011787 2.480028
0.00011792 2.479359
0.00011797 2.478690
0.00011802 2.478021
0.00011807 2.477352
0.00011812 2.476683
0.00011816 2.476014
0.00011821 2.475345
0.00011826 2.474676
0.00011831 2.474007
0.00011836 2.473339
0.00011841 2.472670
0.00011846 2.472001
0.00011851 2.471332
0.00011855 2.470663
0.00011860 2.469994
0.00011865 2.469325
0.00011870 2.468656
0.00011875 2.467987
0.00011880 2.467318
0.00011885 2.466649
0.00011890 2.465980
0.00011895 2.465311
0.00011899 2.464642
0.00011904 2.463973
0.00011909 2.463304
0.00011914 2.462635
0.00011919 2.461966
0.00011924 2.461298
0.00011929 2.460629
0.00011934 2.459960
0.00011938 2.459291
0.00011943 2.458622
0.00011948 2.457953
0.00011953 2.457284
0.00011958 2.456615
0.00011963 2.455946
0.00011968 2.455277
0.00011973 2.454608
0.00011978 2.453939
0.00011982 2.453270
0.00011987 2.452601
0.00011992 2.451932
0.00011997 2.451263
0.00012002 2.450594
0.00012007 2.449925
0.00012012 2.449256
0.00012017 2.448588
0.00012021 2.447919
0.00012026 2.447250
0.00012031 2.446581
0.00012036 2.445912
0.00012041 2.445243
0.00012046 2.444574
0.00012051 2.443905
0.00012056 2.443236
0.00012061 2.442567
0.00012065 2.441898
0.00012070 2.441229
0.00012075 2.440560
0.00012080 2.439891
0.00012085 2.439222
0.00012090 2.438553
0.00012095 2.437884
0.00012100 2.437215
0.00012104 2.436547
0.00012109 2.435878
0.00012114 2.435209
0.00012119 2.434540
0.00012124 2.433871
0.00012129 2.433202
0.00012134 2.432533
0.00012139 2.431864
0.00012144 2.431195
0.00012148 2.430526
0.00012153 2.429857
0.00012158 2.429188
0.00012163 2.428519
0.00012168 2.427850
0.00012173 2.427181
0.00012178 2.426512
0.00012183 2.425843
0.00012187 2.425174
0.00012192 2.424506
0.00012197 2.423837
0.00012202 2.423168
0.00012207 2.422499
0.00012212 2.421830
0.00012217 2.421161
0.00012222 2.420492
0.00012227 2.419823
0.00012231 2.419154
0.00012236 2.418485
0.00012241 2.417816
0.00012246 2.417147
0.00012251 2.416478
0.00012256 2.415809
0.00012261 2.415140
0.00012266 2.414471
0.00012271 2.413802
0.00012275 2.413133
0.00012280 2.412464
0.00012285 2.411796
0.00012290 2.411127
0.00012295 2.410458
0.00012300 2.409789
0.00012305 2.409120
0.00012310 2.408451
0.00012314 2.407782
0.00012319 2.407113
0.00012324 2.406444
0.00012329 2.405775
0.00012334 2.405106
0.00012339 2.404437
0.00012344 2.403768
0.00012349 2.403099
0.00012354 2.402430
0.00012358 2.401761
0.00012363 2.401092
0.00012368 2.400423
0.00012373 2.399755
0.00012378 2.399086
0.00012383 2.398417
0.00012388 2.397748
0.00012393 2.397079
0.00012397 2.396410
0.00012402 2.395741
0.00012407 2.395072
0.00012412 2.394403
0.00012417 2.393734
0.00012422 2.393065
0.00012427 2.392396
0.00012432 2.391727
0.00012437 2.391058
0.00012441 2.390389
0.00012446 2.389720
0.00012451 2.389051
0.00012456 2.388382
0.00012461 2.387714
0.00012466 2.387045
0.00012471 2.386376
0.00012476 2.385707
0.00012480 2.385038
0.00012485 2.384369
0.00012490 2.383700
0.00012495 2.383031
0.00012500 2.382362
0.00012505 2.381693
0.00012510 2.381024
0.00012515 2.380355
0.00012520 2.379686
0.00012524 2.379017
0.00012529 2.378348
0.00012534 2.377679
0.00012539 2.377010
0.00012544 2.376341
0.00012549 2.375672
0.00012900 2.499427
0.00012905 2.498758
0.00012910 2.498089
0.00012915 2.497421
0.00012920 2.496752
0.00012925 2.496083
0.00012930 2.495414
0.00012935 2.494745
0.00012939 2.494076
0.00012944 2.493407
0.00012949 2.492738
0.00012954 2.492069
0.00012959 2.491400
0.00012964 2.490731
0.00012969 2.490062
0.00012974 2.489393
0.00012979 2.488724
0.00012983 2.488055
0.00012988 2.487386
0.00012993 2.486717
0.00012998 2.486048
0.00013003 2.485380
0.00013008 2.484711
0.00013013 2.484042
0.00013018 2.483373
0.00013022 2.482704
0.00013027 2.482035
0.00013032 2.481366
0.00013037 2.480697
0.00013042 2.480028
0.00013047 2.479359
0.00013052 2.478690
0.00013057 2.478021
0.00013062 2.477352
0.00013066 2.476683
0.00013071 2.476014
0.00013076 2.475345
0.00013081 2.474676
0.00013086 2.474007
0.00013091 2.473339
0.00013096 2.472670
0.00013101 2.472001
0.00013105 2.471332
0.00013110 2.470663
0.00013115 2.469994
0.00013120 2.469325
0.00013125 2.468656
0.00013130 2.467987
0.00013135 2.467318
0.00013140 2.466649
0.00013145 2.465980
0.00013149 2.465311
0.00013154 2.464642
0.00013159 2.463973
0.00013164 2.463304
0.00013169 2.462635
0.00013174 2.461966
0.00013179 2.461298
0.00013184 2.460629
0.00013188 2.459960
0.00013193 2.459291
0.00013198 2.458622
0.00013203 2.457953
0.00013208 2.457284
0.00013213 2.456615
0.00013218 2.455946
0.00013223 2.455277
0.00013228 2.454608
0.00013232 2.453939
0.00013237 2.453270
0.00013242 2.452601
0.00013247 2.451932
0.00013252 2.451263
0.00013257 2.450594
0.00013262 2.449925
0.00013267 2.449256
0.00013271 2.448588
0.00013276 2.447919
0.00013281 2.447250
0.00013286 2.446581
0.00013291 2.445912
0.00013296 2.445243
0.00013301 2.444574
0.00013306 2.443905
0.00013311 2.443236
0.00013315 2.442567
0.00013320 2.441898
0.00013325 2.441229
0.00013330 2.440560
0.00013335 2.439891
0.00013340 2.439222
0.00013345 2.438553
0.00013350 2.437884
0.00013354 2.437215
0.00013359 2.436547
0.00013364 2.435878
0.00013369 2.435209
0.00013374 2.434540
0.00013379 2.433871
0.00013384 2.433202
0.00013389 2.432533
0.00013394 2.431864
0.00013398 2.431195
0.00013403 2.430526
0.00013408 2.429857
0.00013413 2.429188
0.00013418 2.428519
0.00013423 2.427850
0.00013428 2.427181
0.00013433 2.426512
0.00013437 2.425843
0.00013442 2.425174
0.00013447 2.424506
0.00013452 2.423837
0.00013457 2.423168
0.00013462 2.422499
0.00013467 2.421830
0.00013472 2.421161
0.00013477 2.420492
0.00013481 2.419823
0.00013486 2.419154
0.00013491 2.418485
0.00013496 2.417816
0.00013501 2.417147
0.00013506 2.416478
0.00013511 2.415809
0.00013516 2.415140
0.00013521 2.414471
0.00013525 2.413802
0.00013530 2.413133
0.00013535 2.412464
0.00013540 2.411796
0.00013545 2.411127
0.00013550 2.410458
0.00013555 2.409789
0.00013560 2.409120
0.00013564 2.408451
0.00013569 2.407782
0.00013574 2.407113
0.00013579 2.406444
0.00013584 2.405775
0.00013589 2.405106
0.00013594 2.404437
0.00013599 2.403768
0.00013604 2.403099
0.00013608 2.402430
0.00013613 2.401761
0.00013618 2.401092
0.00013623 2.400423
0.00013628 2.399755
0.00013633 2.399086
0.00013638 2.398417
0.00013643 2.397748
0.00013647 2.397079
0.00013652 2.396410
0.00013657 2.395741
0.00013662 2.395072
0.00013667 2.394403
0.00013672 2.393734
0.00013677 2.393065
0.00013682 2.392396
0.00013687 2.391727
0.00013691 2.391058
0.00013696 2.390389
0.00013701 2.389720
0.00013706 2.389051
0.00013711 2.388382
0.00013716 2.387714
0.00013721 2.387045
0.00013726 2.386376
0.00013730 2.385707
0.00013735 2.385038
0.00013740 2.384369
0.00013745 2.383700
0.00013750 2.383031
0.00013755 2.382362
0.00013760 2.381693
0.00013765 2.381024
0.00013770 2.380355
0.00013774 2.379686
0.00013779 2.379017
0.00013784 2.378348
0.00013789 2.377679
0.00013794 2.377010
0.00013799 2.376341
0.00013804 2.375672
0.00014155 2.499427
0.00014160 2.498758
0.00014165 2.498089
0.00014170 2.497421
0.00014175 2.496752
0.00014180 2.496083
0.00014185 2.495414
0.00014189 2.494745
0.00014194 2.494076
0.00014199 2.493407
0.00014204 2.492738
0.00014209 2.492069
0.00014214 2.491400
0.00014219 2.490731
0.00014224 2.490062
0.00014229 2.489393
0.00014233 2.488724
0.00014238 2.488055
0.00014243 2.487386
0.00014248 2.486717
0.00014253 2.486048
0.00014258 2.485380
0.00014263 2.484711
0.00014268 2.484042
0.00014272 2.483373
0.00014277 2.482704
0.00014282 2.482035
0.00014287 2.481366
0.00014292 2.480697
0.00014297 2.480028
0.00014302 2.479359
0.00014307 2.478690
0.00014312 2.478021
0.00014316 2.477352
0.00014321 2.476683
0.00014326 2.476014
0.00014331 2.475345
0.00014336 2.474676
0.00014341 2.474007
0.00014346 2.473339
0.00014351 2.472670
0.00014355 2.472001
0.00014360 2.471332
0.00014365 2.470663
0.00014370 2.469994
0.00014375 2.469325
0.00014380 2.468656
0.00014385 2.467987
0.00014390 2.467318
0.00014395 2.466649
0.00014399 2.465980
0.00014404 2.465311
0.00014409 2.464642
0.00014414 2.463973
0.00014419 2.463304
0.00014424 2.462635
0.00014429 2.461966
0.00014434 2.461298
0.00014438 2.460629
0.00014443 2.459960
0.00014448 2.459291
0.00014453 2.458622
0.00014458 2.457953
0.00014463 2.457284
0.00014468 2.456615
0.00014473 2.455946
0.00014478 2.455277
0.00014482 2.454608
0.00014487 2.453939
0.00014492 2.453270
0.00014497 2.452601
0.00014502 2.451932
0.00014507 2.451263
0.00014512 2.450594
0.00014517 2.449925
0.00014521 2.449256
0.00014526 2.448588
0.00014531 2.447919
0.00014536 2.447250
0.00014541 2.446581
0.00014546 2.445912
0.00014551 2.445243
0.00014556 2.444574
0.00014561 2.443905
0.00014565 2.443236
0.00014570 2.442567
0.00014575 2.441898
0.00014580 2.441229
0.00014585 2.440560
0.00014590 2.439891
0.00014595 2.439222
0.00014600 2.438553
0.00014604 2.437884
0.00014609 2.437215
0.00014614 2.436547
0.00014619 2.435878
0.00014624 2.435209
0.00014629 2.434540
0.00014634 2.433871
0.00014639 2.433202
0.00014644 2.432533
0.00014648 2.431864
0.00014653 2.431195
0.00014658 2.430526
0.00014663 2.429857
0.00014668 2.429188
0.00014673 2.428519
0.00014678 2.427850
0.00014683 2.427181
0.00014687 2.426512
0.00014692 2.425843
0.00014697 2.425174
0.00014702 2.424506
0.00014707 2.423837
0.00014712 2.423168
0.00014717 2.422499
0.00014722 2.421830
0.00014727 2.421161
0.00014731 2.420492
0.00014736 2.419823
0.00014741 2.419154
0.00014746 2.418485
0.00014751 2.417816
0.00014756 2.417147
0.00014761 2.416478
0.00014766 2.415809
0.00014771 2.415140
0.00014775 2.414471
0.00014780 2.413802
0.00014785 2.413133
0.00014790 2.412464
0.00014795 2.411796
0.00014800 2.411127
0.00014805 2.410458
0.00014810 2.409789
0.00014814 2.409120
0.00014819 2.408451
0.00014824 2.407782
0.00014829 2.407113
0.00014834 2.406444
0.00014839 2.405775
0.00014844 2.405106
0.00014849 2.404437
0.00014854 2.403768
0.00014858 2.403099
0.00014863 2.402430
0.00014868 2.401761
0.00014873 2.401092
0.00014878 2.400423
0.00014883 2.399755
0.00014888 2.399086
0.00014893 2.398417
0.00014897 2.397748
0.00014902 2.397079
0.00014907 2.396410
0.00014912 2.395741
0.00014917 2.395072
0.00014922 2.394403
0.00014927 2.393734
0.00014932 2.393065
0.00014937 2.392396
0.00014941 2.391727
0.00014946 2.391058
0.00014951 2.390389
0.00014956 2.389720
0.00014961 2.389051
0.00014966 2.388382
0.00014971 2.387714
0.00014976 2.387045
0.00014980 2.386376
0.00014985 2.385707
0.00014990 2.385038
0.00014995 2.384369
0.00015000 2.383700
0.00015005 2.383031
0.00015010 2.382362
0.00015015 2.381693
0.00015020 2.381024
0.00015024 2.380355
0.00015029 2.379686
0.00015034 2.379017
0.00015039 2.378348
0.00015044 2.377679
0.00015049 2.377010
0.00015054 2.376341
0.00015059 2.375672
0.00015410 2.499427
0.00015415 2.498758
0.00015420 2.498089
0.00015425 2.497421
0.00015430 2.496752
0.00015435 2.496083
0.00015439 2.495414
0.00015444 2.494745
0.00015449 2.494076
0.00015454 2.493407
0.00015459 2.492738
0.00015464 2.492069
0.00015469 2.491400
0.00015474 2.490731
0.00015479 2.490062
0.00015483 2.489393
0.00015488 2.488724
0.00015493 2.488055
0.00015498 2.487386
0.00015503 2.486717
0.00015508 2.486048
0.00015513 2.485380
0.00015518 2.484711
0.00015522 2.484042
0.00015527 2.483373
0.00015532 2.482704
0.00015537 2.482035
0.00015542 2.481366
0.00015547 2.480697
0.00015552 2.480028
0.00015557 2.479359
0.00015562 2.478690
0.00015566 2.478021
0.00015571 2.477352
0.00015576 2.476683
0.00015581 2.476014
0.00015586 2.475345
0.00015591 2.474676
0.00015596 2.474007
0.00015601 2.473339
0.00015605 2.472670
0.00015610 2.472001
0.00015615 2.471332
0.00015620 2.470663
0.00015625 2.469994
0.00015630 2.469325
0.00015635 2.468656
0.00015640 2.467987
0.00015645 2.467318
0.00015649 2.466649
0.00015654 2.465980
0.00015659 2.465311
0.00015664 2.464642
0.00015669 2.463973
0.00015674 2.463304
0.00015679 2.462635
0.00015684 2.461966
0.00015688 2.461298
0.00015693 2.460629
0.00015698 2.459960
0.00015703 2.459291
0.00015708 2.458622
0.00015713 2.457953
0.00015718 2.457284
0.00015723 2.456615
0.00015728 2.455946
0.00015732 2.455277
0.00015737 2.454608
0.00015742 2.453939
0.00015747 2.453270
0.00015752 2.452601
0.00015757 2.451932
0.00015762 2.451263
0.00015767 2.450594
0.00015771 2.449925
0.00015776 2.449256
0.00015781 2.448588
0.00015786 2.447919
0.00015791 2.447250
0.00015796 2.446581
0.00015801 2.445912
0.00015806 2.445243
0.00015811 2.444574
0.00015815 2.443905
0.00015820 2.443236
0.00015825 2.442567
0.00015830 2.441898
0.00015835 2.441229
0.00015840 2.440560
0.00015845 2.439891
0.00015850 2.439222
0.00015854 2.438553
0.00015859 2.437884
0.00015864 2.437215
0.00015869 2.436547
0.00015874 2.435878
0.00015879 2.435209
0.00015884 2.434540
0.00015889 2.433871
0.00015894 2.433202
0.00015898 2.432533
0.00015903 2.431864
0.00015908 2.431195
0.00015913 2.430526
0.00015918 2.429857
0.00015923 2.429188
0.00015928 2.428519
0.00015933 2.427850
0.00015937 2.427181
0.00015942 2.426512
0.00015947 2.425843
0.00015952 2.425174
0.00015957 2.424506
0.00015962 2.423837
0.00015967 2.423168
0.00015972 2.422499
0.00015977 2.421830
0.00015981 2.421161
0.00015986 2.420492
0.00015991 2.419823
0.00015996 2.419154
0.00016001 2.418485
0.00016006 2.417816
0.00016011 2.417147
0.00016016 2.416478
0.00016021 2.415809
0.00016025 2.415140
0.00016030 2.414471
0.00016035 2.413802
0.00016040 2.413133
0.00016045 2.412464
0.00016050 2.411796
0.00016055 2.411127
0.00016060 2.410458
0.00016064 2.409789
0.00016069 2.409120
0.00016074 2.408451
0.00016079 2.407782
0.00016084 2.407113
0.00016089 2.406444
0.00016094 2.405775
0.00016099 2.405106
0.00016104 2.404437
0.00016108 2.403768
0.00016113 2.403099
0.00016118 2.402430
0.00016123 2.401761
0.00016128 2.401092
0.00016133 2.400423
0.00016138 2.399755
0.00016143 2.399086
0.00016147 2.398417
0.00016152 2.397748
0.00016157 2.397079
0.00016162 2.396410
0.00016167 2.395741
0.00016172 2.395072
0.00016177 2.394403
0.00016182 2.393734
0.00016187 2.393065
0.00016191 2.392396
0.00016196 2.391727
0.00016201 2.391058
0.00016206 2.390389
0.00016211 2.389720
0.00016216 2.389051
0.00016221 2.388382
0.00016226 2.387714
0.00016230 2.387045
0.00016235 2.386376
0.00016240 2.385707
0.00016245 2.385038
0.00016250 2.384369
0.00016255 2.383700
0.00016260 2.383031
0.00016265 2.382362
0.00016270 2.381693
0.00016274 2.381024
0.00016279 2.380355
0.00016284 2.379686
0.00016289 2.379017
0.00016294 2.378348
0.00016299 2.377679
0.00016304 2.377010
0.00016309 2.376341
0.00016313 2.375672
0.00016665 2.499427
0.00016670 2.498758
0.00016675 2.498089
0.00016680 2.497421
0.00016685 2.496752
0.00016689 2.496083
0.00016694 2.495414
0.00016699 2.494745
0.00016704 2.494076
0.00016709 2.493407
0.00016714 2.492738
0.00016719 2.492069
0.00016724 2.491400
0.00016729 2.490731
0.00016733 2.490062
0.00016738 2.489393
0.00016743 2.488724
0.00016748 2.488055
0.00016753 2.487386
0.00016758 2.486717
0.00016763 2.486048
0.00016768 2.485380
0.00016772 2.484711
0.00016777 2.484042
0.00016782 2.483373
0.00016787 2.482704
0.00016792 2.482035
0.00016797 2.481366
0.00016802 2.480697
0.00016807 2.480028
0.00016812 2.479359
0.00016816 2.478690
0.00016821 2.478021
0.00016826 2.477352
0.00016831 2.476683
0.00016836 2.476014
0.00016841 2.475345
0.00016846 2.474676
0.00016851 2.474007
0.00016855 2.473339
0.00016860 2.472670
0.00016865 2.472001
0.00016870 2.471332
0.00016875 2.470663
0.00016880 2.469994
0.00016885 2.469325
0.00016890 2.468656
0.00016895 2.467987
0.00016899 2.467318
0.00016904 2.466649
0.00016909 2.465980
0.00016914 2.465311
0.00016919 2.464642
0.00016924 2.463973
0.00016929 2.463304
0.00016934 2.462635
0.00016938 2.461966
0.00016943 2.461298
0.00016948 2.460629
0.00016953 2.459960
0.00016958 2.459291
0.00016963 2.458622
0.00016968 2.457953
0.00016973 2.457284
0.00016978 2.456615
0.00016982 2.455946
0.00016987 2.455277
0.00016992 2.454608
0.00016997 2.453939
0.00017002 2.453270
0.00017007 2.452601
0.00017012 2.451932
0.00017017 2.451263
0.00017021 2.450594
0.00017026 2.449925
0.00017031 2.449256
0.00017036 2.448588
0.00017041 2.447919
0.00017046 2.447250
0.00017051 2.446581
0.00017056 2.445912
0.00017061 2.445243
0.00017065 2.444574
0.00017070 2.443905
0.00017075 2.443236
0.00017080 2.442567
0.00017085 2.441898
0.00017090 2.441229
0.00017095 2.440560
0.00017100 2.439891
0.00017104 2.439222
0.00017109 2.438553
0.00017114 2.437884
0.00017119 2.437215
0.00017124 2.436547
0.00017129 2.435878
0.00017134 2.435209
0.00017139 2.434540
0.00017144 2.433871
0.00017148 2.433202
0.00017153 2.432533
0.00017158 2.431864
0.00017163 2.431195
0.00017168 2.430526
0.00017173 2.429857
0.00017178 2.429188
0.00017183 2.428519
0.00017187 2.427850
0.00017192 2.427181
0.00017197 2.426512
0.00017202 2.425843
0.00017207 2.425174
0.00017212 2.424506
0.00017217 2.423837
0.00017222 2.423168
0.00017227 2.422499
0.00017231 2.421830
0.00017236 2.421161
0.00017241 2.420492
0.00017246 2.419823
0.00017251 2.419154
0.00017256 2.418485
0.00017261 2.417816
0.00017266 2.417147
0.00017271 2.416478
0.00017275 2.415809
0.00017280 2.415140
0.00017285 2.414471
0.00017290 2.413802
0.00017295 2.413133
0.00017300 2.412464
0.00017305 2.411796
0.00017310 2.411127
0.00017314 2.410458
0.00017319 2.409789
0.00017324 2.409120
0.00017329 2.408451
0.00017334 2.407782
0.00017339 2.407113
0.00017344 2.406444
0.00017349 2.405775
0.00017354 2.405106
0.00017358 2.404437
0.00017363 2.403768
0.00017368 2.403099
0.00017373 2.402430
0.00017378 2.401761
0.00017383 2.401092
0.00017388 2.400423
0.00017393 2.399755
0.00017397 2.399086
0.00017402 2.398417
0.00017407 2.397748
0.00017412 2.397079
0.00017417 2.396410
0.00017422 2.395741
0.00017427 2.395072
0.00017432 2.394403
0.00017437 2.393734
0.00017441 2.393065
0.00017446 2.392396
0.00017451 2.391727
0.00017456 2.391058
0.00017461 2.390389
0.00017466 2.389720
0.00017471 2.389051
0.00017476 2.388382
0.00017480 2.387714
0.00017485 2.387045
0.00017490 2.386376
0.00017495 2.385707
0.00017500 2.385038
0.00017505 2.384369
0.00017510 2.383700
0.00017515 2.383031
0.00017520 2.382362
0.00017524 2.381693
0.00017529 2.381024
0.00017534 2.380355
0.00017539 2.379686
0.00017544 2.379017
0.00017549 2.378348
0.00017554 2.377679
0.00017559 2.377010
0.00017563 2.376341
0.00017568 2.375672
0.00017920 2.499427
0.00017925 2.498758
0.00017930 2.498089
0.00017935 2.497421
0.00017939 2.496752
0.00017944 2.496083
0.00017949 2.495414
0.00017954 2.494745
0.00017959 2.494076
0.00017964 2.493407
0.00017969 2.492738
0.00017974 2.492069
0.00017979 2.491400
0.00017983 2.490731
0.00017988 2.490062
0.00017993 2.489393
0.00017998 2.488724
0.00018003 2.488055
0.00018008 2.487386
0.00018013 2.486717
0.00018018 2.486048
0.00018022 2.485380
0.00018027 2.484711
0.00018032 2.484042
0.00018037 2.483373
0.00018042 2.482704
0.00018047 2.482035
0.00018052 2.481366
0.00018057 2.480697
0.00018062 2.480028
0.00018066 2.479359
0.00018071 2.478690
0.00018076 2.478021
0.00018081 2.477352
0.00018086 2.476683
0.00018091 2.476014
0.00018096 2.475345
0.00018101 2.474676
0.00018105 2.474007
0.00018110 2.473339
0.00018115 2.472670
0.00018120 2.472001
0.00018125 2.471332
0.00018130 2.470663
0.00018135 2.469994
0.00018140 2.469325
0.00018145 2.468656
0.00018149 2.467987
0.00018154 2.467318
0.00018159 2.466649
0.00018164 2.465980
0.00018169 2.465311
0.00018174 2.464642
0.00018179 2.463973
0.00018184 2.463304
0.00018188 2.462635
0.00018193 2.461966
0.00018198 2.461298
0.00018203 2.460629
0.00018208 2.459960
0.00018213 2.459291
0.00018218 2.458622
0.00018223 2.457953
0.00018228 2.457284
0.00018232 2.456615
0.00018237 2.455946
0.00018242 2.455277
0.00018247 2.454608
0.00018252 2.453939
0.00018257 2.453270
0.00018262 2.452601
0.00018267 2.451932
0.00018271 2.451263
0.00018276 2.450594
0.00018281 2.449925
0.00018286 2.449256
0.00018291 2.448588
0.00018296 2.447919
0.00018301 2.447250
0.00018306 2.446581
0.00018311 2.445912
0.00018315 2.445243
0.00018320 2.444574
0.00018325 2.443905
0.00018330 2.443236
0.00018335 2.442567
0.00018340 2.441898
0.00018345 2.441229
0.00018350 2.440560
0.00018354 2.439891
0.00018359 2.439222
0.00018364 2.438553
0.00018369 2.437884
0.00018374 2.437215
0.00018379 2.436547
0.00018384 2.435878
0.00018389 2.435209
0.00018394 2.434540
0.00018398 2.433871
0.00018403 2.433202
0.00018408 2.432533
0.00018413 2.431864
0.00018418 2.431195
0.00018423 2.430526
0.00018428 2.429857
0.00018433 2.429188
0.00018437 2.428519
0.00018442 2.427850
0.00018447 2.427181
0.00018452 2.426512
0.00018457 2.425843
0.00018462 2.425174
0.00018467 2.424506
0.00018472 2.423837
0.00018477 2.423168
0.00018481 2.422499
0.00018486 2.421830
0.00018491 2.421161
0.00018496 2.420492
0.00018501 2.419823
0.00018506 2.419154
0.00018511 2.418485
0.00018516 2.417816
0.00018521 2.417147
0.00018525 2.416478
0.00018530 2.415809
0.00018535 2.415140
0.00018540 2.414471
0.00018545 2.413802
0.00018550 2.413133
0.00018555 2.412464
0.00018560 2.411796
0.00018564 2.411127
0.00018569 2.410458
0.00018574 2.409789
0.00018579 2.409120
0.00018584 2.408451
0.00018589 2.407782
0.00018594 2.407113
0.00018599 2.406444
0.00018604 2.405775
0.00018608 2.405106
0.00018613 2.404437
0.00018618 2.403768
0.00018623 2.403099
0.00018628 2.402430
0.00018633 2.401761
0.00018638 2.401092
0.00018643 2.400423
0.00018647 2.399755
0.00018652 2.399086
0.00018657 2.398417
0.00018662 2.397748
0.00018667 2.397079
0.00018672 2.396410
0.00018677 2.395741
0.00018682 2.395072
0.00018687 2.394403
0.00018691 2.393734
0.00018696 2.393065
0.00018701 2.392396
0.00018706 2.391727
0.00018711 2.391058
0.00018716 2.390389
0.00018721 2.389720
0.00018726 2.389051
0.00018730 2.388382
0.00018735 2.387714
0.00018740 2.387045
0.00018745 2.386376
0.00018750 2.385707
0.00018755 2.385038
0.00018760 2.384369
0.00018765 2.383700
0.00018770 2.383031
0.00018774 2.382362
0.00018779 2.381693
0.00018784 2.381024
0.00018789 2.380355
0.00018794 2.379686
0.00018799 2.379017
0.00018804 2.378348
0.00018809 2.377679
0.00018813 2.377010
0.00018818 2.376341
0.00018823 2.375672
0.00019175 2.499427
0.00019180 2.498758
0.00019185 2.498089
0.00019189 2.497421
0.00019194 2.496752
0.00019199 2.496083
0.00019204 2.495414
0.00019209 2.494745
0.00019214 2.494076
0.00019219 2.493407
0.00019224 2.492738
0.00019229 2.492069
0.00019233 2.491400
0.00019238 2.490731
0.00019243 2.490062
0.00019248 2.489393
0.00019253 2.488724
0.00019258 2.488055
0.00019263 2.487386
0.00019268 2.486717
0.00019272 2.486048
0.00019277 2.485380
0.00019282 2.484711
0.00019287 2.484042
0.00019292 2.483373
0.00019297 2.482704
0.00019302 2.482035
0.00019307 2.481366
0.00019312 2.480697
0.00019316 2.480028
0.00019321 2.479359
0.00019326 2.478690
0.00019331 2.478021
0.00019336 2.477352
0.00019341 2.476683
0.00019346 2.476014
0.00019351 2.475345
0.00019355 2.474676
0.00019360 2.474007
0.00019365 2.473339
0.00019370 2.472670
0.00019375 2.472001
0.00019380 2.471332
0.00019385 2.470663
0.00019390 2.469994
0.00019395 2.469325
0.00019399 2.468656
0.00019404 2.467987
0.00019409 2.467318
0.00019414 2.466649
0.00019419 2.465980
0.00019424 2.465311
0.00019429 2.464642
0.00019434 2.463973
0.00019438 2.463304
0.00019443 2.462635
0.00019448 2.461966
0.00019453 2.461298
0.00019458 2.460629
0.00019463 2.459960
0.00019468 2.459291
0.00019473 2.458622
0.00019478 2.457953
0.00019482 2.457284
0.00019487 2.456615
0.00019492 2.455946
0.00019497 2.455277
0.00019502 2.454608
0.00019507 2.453939
0.00019512 2.453270
0.00019517 2.452601
0.00019521 2.451932
0.00019526 2.451263
0.00019531 2.450594
0.00019536 2.449925
0.00019541 2.449256
0.00019546 2.448588
0.00019551 2.447919
0.00019556 2.447250
0.00019561 2.446581
0.00019565 2.445912
0.00019570 2.445243
0.00019575 2.444574
0.00019580 2.443905
0.00019585 2.443236
0.00019590 2.442567
0.00019595 2.441898
0.00019600 2.441229
0.00019604 2.440560
0.00019609 2.439891
0.00019614 2.439222
0.00019619 2.438553
0.00019624 2.437884
0.00019629 2.437215
0.00019634 2.436547
0.00019639 2.435878
0.00019644 2.435209
0.00019648 2.434540
0.00019653 2.433871
0.00019658 2.433202
0.00019663 2.432533
0.00019668 2.431864
0.00019673 2.431195
0.00019678 2.430526
0.00019683 2.429857
0.00019687 2.429188
0.00019692 2.428519
0.00019697 2.427850
0.00019702 2.427181
0.00019707 2.426512
0.00019712 2.425843
0.00019717 2.425174
0.00019722 2.424506
0.00019727 2.423837
0.00019731 2.423168
0.00019736 2.422499
0.00019741 2.421830
0.00019746 2.421161
0.00019751 2.420492
0.00019756 2.419823
0.00019761 2.419154
0.00019766 2.418485
0.00019771 2.417816
0.00019775 2.417147
0.00019780 2.416478
0.00019785 2.415809
0.00019790 2.415140
0.00019795 2.414471
0.00019800 2.413802
0.00019805 2.413133
0.00019810 2.412464
0.00019814 2.411796
0.00019819 2.411127
0.00019824 2.410458
0.00019829 2.409789
0.00019834 2.409120
0.00019839 2.408451
0.00019844 2.407782
0.00019849 2.407113
0.00019854 2.406444
0.00019858 2.405775
0.00019863 2.405106
0.00019868 2.404437
0.00019873 2.403768
0.00019878 2.403099
0.00019883 2.402430
0.00019888 2.401761
0.00019893 2.401092
0.00019897 2.400423
0.00019902 2.399755
0.00019907 2.399086
0.00019912 2.398417
0.00019917 2.397748
0.00019922 2.397079
0.00019927 2.396410
0.00019932 2.395741
0.00019937 2.395072
0.00019941 2.394403
0.00019946 2.393734
0.00019951 2.393065
0.00019956 2.392396
0.00019961 2.391727
0.00019966 2.391058
0.00019971 2.390389
0.00019976 2.389720
0.00019980 2.389051
0.00019985 2.388382
0.00019990 2.387714
0.00019995 2.387045
0.00020000 2.386376
0.00020005 2.385707
0.00020010 2.385038
0.00020015 2.384369
0.00020020 2.383700
0.00020024 2.383031
0.00020029 2.382362
0.00020034 2.381693
0.00020039 2.381024
0.00020044 2.380355
0.00020049 2.379686
0.00020054 2.379017
0.00020059 2.378348
0.00020063 2.377679
0.00020068 2.377010
0.00020073 2.376341
0.00020078 2.375672
0.00020430 2.499427
0.00020435 2.498758
0.00020439 2.498089
0.00020444 2.497421
0.00020449 2.496752
0.00020454 2.496083
0.00020459 2.495414
0.00020464 2.494745
0.00020469 2.494076
0.00020474 2.493407
0.00020479 2.492738
0.00020483 2.492069
0.00020488 2.491400
0.00020493 2.490731
0.00020498 2.490062
0.00020503 2.489393
0.00020508 2.488724
0.00020513 2.488055
0.00020518 2.487386
0.00020522 2.486717
0.00020527 2.486048
0.00020532 2.485380
0.00020537 2.484711
0.00020542 2.484042
0.00020547 2.483373
0.00020552 2.482704
0.00020557 2.482035
0.00020562 2.481366
0.00020566 2.480697
0.00020571 2.480028
0.00020576 2.479359
0.00020581 2.478690
0.00020586 2.478021
0.00020591 2.477352
0.00020596 2.476683
0.00020601 2.476014
0.00020605 2.475345
0.00020610 2.474676
0.00020615 2.474007
0.00020620 2.473339
0.00020625 2.472670
0.00020630 2.472001
0.00020635 2.471332
0.00020640 2.470663
0.00020645 2.469994
0.00020649 2.469325
0.00020654 2.468656
0.00020659 2.467987
0.00020664 2.467318
0.00020669 2.466649
0.00020674 2.465980
0.00020679 2.465311
0.00020684 2.464642
0.00020688 2.463973
0.00020693 2.463304
0.00020698 2.462635
0.00020703 2.461966
0.00020708 2.461298
0.00020713 2.460629
0.00020718 2.459960
0.00020723 2.459291
0.00020728 2.458622
0.00020732 2.457953
0.00020737 2.457284
0.00020742 2.456615
0.00020747 2.455946
0.00020752 2.455277
0.00020757 2.454608
0.00020762 2.453939
0.00020767 2.453270
0.00020771 2.452601
0.00020776 2.451932
0.00020781 2.451263
0.00020786 2.450594
0.00020791 2.449925
0.00020796 2.449256
0.00020801 2.448588
0.00020806 2.447919
0.00020811 2.447250
0.00020815 2.446581
0.00020820 2.445912
0.00020825 2.445243
0.00020830 2.444574
0.00020835 2.443905
0.00020840 2.443236
0.00020845 2.442567
0.00020850 2.441898
0.00020854 2.441229
0.00020859 2.440560
0.00020864 2.439891
0.00020869 2.439222
0.00020874 2.438553
0.00020879 2.437884
0.00020884 2.437215
0.00020889 2.436547
0.00020894 2.435878
0.00020898 2.435209
0.00020903 2.434540
0.00020908 2.433871
0.00020913 2.433202
0.00020918 2.432533
0.00020923 2.431864
0.00020928 2.431195
0.00020933 2.430526
0.00020937 2.429857
0.00020942 2.429188
0.00020947 2.428519
0.00020952 2.427850
0.00020957 2.427181
0.00020962 2.426512
0.00020967 2.425843
0.00020972 2.425174
0.00020977 2.424506
0.00020981 2.423837
0.00020986 2.423168
0.00020991 2.422499
0.00020996 2.421830
0.00021001 2.421161
0.00021006 2.420492
0.00021011 2.419823
0.00021016 2.419154
0.00021021 2.418485
0.00021025 2.417816
0.00021030 2.417147
0.00021035 2.416478
0.00021040 2.415809
0.00021045 2.415140
0.00021050 2.414471
0.00021055 2.413802
0.00021060 2.413133
0.00021064 2.412464
0.00021069 2.411796
0.00021074 2.411127
0.00021079 2.410458
0.00021084 2.409789
0.00021089 2.409120
0.00021094 2.408451
0.00021099 2.407782
0.00021104 2.407113
0.00021108 2.406444
0.00021113 2.405775
0.00021118 2.405106
0.00021123 2.404437
0.00021128 2.403768
0.00021133 2.403099
0.00021138 2.402430
0.00021143 2.401761
0.00021147 2.401092
0.00021152 2.400423
0.00021157 2.399755
0.00021162 2.399086
0.00021167 2.398417
0.00021172 2.397748
0.00021177 2.397079
0.00021182 2.396410
0.00021187 2.395741
0.00021191 2.395072
0.00021196 2.394403
0.00021201 2.393734
0.00021206 2.393065
0.00021211 2.392396
0.00021216 2.391727
0.00021221 2.391058
0.00021226 2.390389
0.00021230 2.389720
0.00021235 2.389051
0.00021240 2.388382
0.00021245 2.387714
0.00021250 2.387045
0.00021255 2.386376
0.00021260 2.385707
0.00021265 2.385038
0.00021270 2.384369
0.00021274 2.383700
0.00021279 2.383031
0.00021284 2.382362
0.00021289 2.381693
0.00021294 2.381024
0.00021299 2.380355
0.00021304 2.379686
0.00021309 2.379017
0.00021313 2.378348
0.00021318 2.377679
0.00021323 2.377010
0.00021328 2.376341
0.00021333 2.375672
0.00021685 2.499427
0.00021689 2.498758
0.00021694 2.498089
0.00021699 2.497421
0.00021704 2.496752
0.00021709 2.496083
0.00021714 2.495414
0.00021719 2.494745
0.00021724 2.494076
0.00021729 2.493407
0.00021733 2.492738
0.00021738 2.492069
0.00021743 2.491400
0.00021748 2.490731
0.00021753 2.490062
0.00021758 2.489393
0.00021763 2.488724
0.00021768 2.488055
0.00021772 2.487386
0.00021777 2.486717
0.00021782 2.486048
0.00021787 2.485380
0.00021792 2.484711
0.00021797 2.484042
0.00021802 2.483373
0.00021807 2.482704
0.00021812 2.482035
0.00021816 2.481366
0.00021821 2.480697
0.00021826 2.480028
0.00021831 2.479359
0.00021836 2.478690
0.00021841 2.478021
0.00021846 2.477352
0.00021851 2.476683
0.00021855 2.476014
0.00021860 2.475345
0.00021865 2.474676
0.00021870 2.474007
0.00021875 2.473339
0.00021880 2.472670
0.00021885 2.472001
0.00021890 2.471332
0.00021895 2.470663
0.00021899 2.469994
0.00021904 2.469325
0.00021909 2.468656
0.00021914 2.467987
0.00021919 2.467318
0.00021924 2.466649
0.00021929 2.465980
0.00021934 2.465311
0.00021938 2.464642
0.00021943 2.463973
0.00021948 2.463304
0.00021953 2.462635
0.00021958 2.461966
0.00021963 2.461298
0.00021968 2.460629
0.00021973 2.459960
0.00021978 2.459291
0.00021982 2.458622
0.00021987 2.457953
0.00021992 2.457284
0.00021997 2.456615
0.00022002 2.455946
0.00022007 2.455277
0.00022012 2.454608
0.00022017 2.453939
0.00022021 2.453270
0.00022026 2.452601
0.00022031 2.451932
0.00022036 2.451263
0.00022041 2.450594
0.00022046 2.449925
0.00022051 2.449256
0.00022056 2.448588
0.00022061 2.447919
0.00022065 2.447250
0.00022070 2.446581
0.00022075 2.445912
0.00022080 2.445243
0.00022085 2.444574
0.00022090 2.443905
0.00022095 2.443236
0.00022100 2.442567
0.00022104 2.441898
0.00022109 2.441229
0.00022114 2.440560
0.00022119 2.439891
0.00022124 2.439222
0.00022129 2.438553
0.00022134 2.437884
0.00022139 2.437215
0.00022144 2.436547
0.00022148 2.435878
0.00022153 2.435209
0.00022158 2.434540
0.00022163 2.433871
0.00022168 2.433202
0.00022173 2.432533
0.00022178 2.431864
0.00022183 2.431195
0.00022187 2.430526
0.00022192 2.429857
0.00022197 2.429188
0.00022202 2.428519
0.00022207 2.427850
0.00022212 2.427181
0.00022217 2.426512
0.00022222 2.425843
0.00022227 2.425174
0.00022231 2.424506
0.00022236 2.423837
0.00022241 2.423168
0.00022246 2.422499
0.00022251 2.421830
0.00022256 2.421161
0.00022261 2.420492
0.00022266 2.419823
0.00022271 2.419154
0.00022275 2.418485
0.00022280 2.417816
0.00022285 2.417147
0.00022290 2.416478
0.00022295 2.415809
0.00022300 2.415140
0.00022305 2.414471
0.00022310 2.413802
0.00022314 2.413133
0.00022319 2.412464
0.00022324 2.411796
0.00022329 2.411127
0.00022334 2.410458
0.00022339 2.409789
0.00022344 2.409120
0.00022349 2.408451
0.00022354 2.407782
0.00022358 2.407113
0.00022363 2.406444
0.00022368 2.405775
0.00022373 2.405106
0.00022378 2.404437
0.00022383 2.403768
0.00022388 2.403099
0.00022393 2.402430
0.00022397 2.401761
0.00022402 2.401092
0.00022407 2.400423
0.00022412 2.399755
0.00022417 2.399086
0.00022422 2.398417
0.00022427 2.397748
0.00022432 2.397079
0.00022437 2.396410
0.00022441 2.395741
0.00022446 2.395072
0.00022451 2.394403
0.00022456 2.393734
0.00022461 2.393065
0.00022466 2.392396
0.00022471 2.391727
0.00022476 2.391058
0.00022480 2.390389
0.00022485 2.389720
0.00022490 2.389051
0.00022495 2.388382
0.00022500 2.387714
0.00022505 2.387045
0.00022510 2.386376
0.00022515 2.385707
0.00022520 2.385038
0.00022524 2.384369
0.00022529 2.383700
0.00022534 2.383031
0.00022539 2.382362
0.00022544 2.381693
0.00022549 2.381024
0.00022554 2.380355
0.00022559 2.379686
0.00022563 2.379017
0.00022568 2.378348
0.00022573 2.377679
0.00022578 2.377010
0.00022583 2.376341
0.00022588 2.375672
0.00022939 2.499427
0.00022944 2.498758
0.00022949 2.498089
0.00022954 2.497421
0.00022959 2.496752
0.00022964 2.496083
0.00022969 2.495414
0.00022974 2.494745
0.00022979 2.494076
0.00022983 2.493407
0.00022988 2.492738
0.00022993 2.492069
0.00022998 2.491400
0.00023003 2.490731
0.00023008 2.490062
0.00023013 2.489393
0.00023018 2.488724
0.00023022 2.488055
0.00023027 2.487386
0.00023032 2.486717
0.00023037 2.486048
0.00023042 2.485380
0.00023047 2.484711
0.00023052 2.484042
0.00023057 2.483373
0.00023062 2.482704
0.00023066 2.482035
0.00023071 2.481366
0.00023076 2.480697
0.00023081 2.480028
0.00023086 2.479359
0.00023091 2.478690
0.00023096 2.478021
0.00023101 2.477352
0.00023105 2.476683
0.00023110 2.476014
0.00023115 2.475345
0.00023120 2.474676
0.00023125 2.474007
0.00023130 2.473339
0.00023135 2.472670
0.00023140 2.472001
0.00023145 2.471332
0.00023149 2.470663
0.00023154 2.469994
0.00023159 2.469325
0.00023164 2.468656
0.00023169 2.467987
0.00023174 2.467318
0.00023179 2.466649
0.00023184 2.465980
0.00023188 2.465311
0.00023193 2.464642
0.00023198 2.463973
0.00023203 2.463304
0.00023208 2.462635
0.00023213 2.461966
0.00023218 2.461298
0.00023223 2.460629
0.00023228 2.459960
0.00023232 2.459291
0.00023237 2.458622
0.00023242 2.457953
0.00023247 2.457284
0.00023252 2.456615
0.00023257 2.455946
0.00023262 2.455277
0.00023267 2.454608
0.00023271 2.453939
0.00023276 2.453270
0.00023281 2.452601
0.00023286 2.451932
0.00023291 2.451263
0.00023296 2.450594
0.00023301 2.449925
0.00023306 2.449256
0.00023311 2.448588
0.00023315 2.447919
0.00023320 2.447250
0.00023325 2.446581
0.00023330 2.445912
0.00023335 2.445243
0.00023340 2.444574
0.00023345 2.443905
0.00023350 2.443236
0.00023354 2.442567
0.00023359 2.441898
0.00023364 2.441229
0.00023369 2.440560
0.00023374 2.439891
0.00023379 2.439222
0.00023384 2.438553
0.00023389 2.437884
0.00023394 2.437215
0.00023398 2.436547
0.00023403 2.435878
0.00023408 2.435209
0.00023413 2.434540
0.00023418 2.433871
0.00023423 2.433202
0.00023428 2.432533
0.00023433 2.431864
0.00023437 2.431195
0.00023442 2.430526
0.00023447 2.429857
0.00023452 2.429188
0.00023457 2.428519
0.00023462 2.427850
0.00023467 2.427181
0.00023472 2.426512
0.00023477 2.425843
0.00023481 2.425174
0.00023486 2.424506
0.00023491 2.423837
0.00023496 2.423168
0.00023501 2.422499
0.00023506 2.421830
0.00023511 2.421161
0.00023516 2.420492
0.00023521 2.419823
0.00023525 2.419154
0.00023530 2.418485
0.00023535 2.417816
0.00023540 2.417147
0.00023545 2.416478
0.00023550 2.415809
0.00023555 2.415140
0.00023560 2.414471
0.00023564 2.413802
0.00023569 2.413133
0.00023574 2.412464
0.00023579 2.411796
0.00023584 2.411127
0.00023589 2.410458
0.00023594 2.409789
0.00023599 2.409120
0.00023604 2.408451
0.00023608 2.407782
0.00023613 2.407113
0.00023618 2.406444
0.00023623 2.405775
0.00023628 2.405106
0.00023633 2.404437
0.00023638 2.403768
0.00023643 2.403099
0.00023647 2.402430
0.00023652 2.401761
0.00023657 2.401092
0.00023662 2.400423
0.00023667 2.399755
0.00023672 2.399086
0.00023677 2.398417
0.00023682 2.397748
0.00023687 2.397079
0.00023691 2.396410
0.00023696 2.395741
0.00023701 2.395072
0.00023706 2.394403
0.00023711 2.393734
0.00023716 2.393065
0.00023721 2.392396
0.00023726 2.391727
0.00023730 2.391058
0.00023735 2.390389
0.00023740 2.389720
0.00023745 2.389051
0.00023750 2.388382
0.00023755 2.387714
0.00023760 2.387045
0.00023765 2.386376
0.00023770 2.385707
0.00023774 2.385038
0.00023779 2.384369
0.00023784 2.383700
0.00023789 2.383031
0.00023794 2.382362
0.00023799 2.381693
0.00023804 2.381024
0.00023809 2.380355
0.00023813 2.379686
0.00023818 2.379017
0.00023823 2.378348
0.00023828 2.377679
0.00023833 2.377010
0.00023838 2.376341
0.00023843 2.375672
0.00024194 2.499427
0.00024199 2.498758
0.00024204 2.498089
0.00024209 2.497421
0.00024214 2.496752
0.00024219 2.496083
0.00024224 2.495414
0.00024229 2.494745
0.00024233 2.494076
0.00024238 2.493407
0.00024243 2.492738
0.00024248 2.492069
0.00024253 2.491400
0.00024258 2.490731
0.00024263 2.490062
0.00024268 2.489393
0.00024272 2.488724
0.00024277 2.488055
0.00024282 2.487386
0.00024287 2.486717
0.00024292 2.486048
0.00024297 2.485380
0.00024302 2.484711
0.00024307 2.484042
0.00024312 2.483373
0.00024316 2.482704
0.00024321 2.482035
0.00024326 2.481366
0.00024331 2.480697
0.00024336 2.480028
0.00024341 2.479359
0.00024346 2.478690
0.00024351 2.478021
0.00024355 2.477352
0.00024360 2.476683
0.00024365 2.476014
0.00024370 2.475345
0.00024375 2.474676
0.00024380 2.474007
0.00024385 2.473339
0.00024390 2.472670
0.00024395 2.472001
0.00024399 2.471332
0.00024404 2.470663
0.00024409 2.469994
0.00024414 2.469325
0.00024419 2.468656
0.00024424 2.467987
0.00024429 2.467318
0.00024434 2.466649
0.00024438 2.465980
0.00024443 2.465311
0.00024448 2.464642
0.00024453 2.463973
0.00024458 2.463304
0.00024463 2.462635
0.00024468 2.461966
0.00024473 2.461298
0.00024478 2.460629
0.00024482 2.459960
0.00024487 2.459291
0.00024492 2.458622
0.00024497 2.457953
0.00024502 2.457284
0.00024507 2.456615
0.00024512 2.455946
0.00024517 2.455277
0.00024521 2.454608
0.00024526 2.453939
0.00024531 2.453270
0.00024536 2.452601
0.00024541 2.451932
0.00024546 2.451263
0.00024551 2.450594
0.00024556 2.449925
0.00024561 2.449256
0.00024565 2.448588
0.00024570 2.447919
0.00024575 2.447250
0.00024580 2.446581
0.00024585 2.445912
0.00024590 2.445243
0.00024595 2.444574
0.00024600 2.443905
0.00024604 2.443236
0.00024609 2.442567
0.00024614 2.441898
0.00024619 2.441229
0.00024624 2.440560
0.00024629 2.439891
0.00024634 2.439222
0.00024639 2.438553
0.00024644 2.437884
0.00024648 2.437215
0.00024653 2.436547
0.00024658 2.435878
0.00024663 2.435209
0.00024668 2.434540
0.00024673 2.433871
0.00024678 2.433202
0.00024683 2.432533
0.00024687 2.431864
0.00024692 2.431195
0.00024697 2.430526
0.00024702 2.429857
0.00024707 2.429188
0.00024712 2.428519
0.00024717 2.427850
0.00024722 2.427181
0.00024727 2.426512
0.00024731 2.425843
0.00024736 2.425174
0.00024741 2.424506
0.00024746 2.423837
0.00024751 2.423168
0.00024756 2.422499
0.00024761 2.421830
0.00024766 2.421161
0.00024771 2.420492
0.00024775 2.419823
0.00024780 2.419154
0.00024785 2.418485
0.00024790 2.417816
0.00024795 2.417147
0.00024800 2.416478
0.00024805 2.415809
0.00024810 2.415140
0.00024814 2.414471
0.00024819 2.413802
0.00024824 2.413133
0.00024829 2.412464
0.00024834 2.411796
0.00024839 2.411127
0.00024844 2.410458
0.00024849 2.409789
0.00024854 2.409120
0.00024858 2.408451
0.00024863 2.407782
0.00024868 2.407113
0.00024873 2.406444
0.00024878 2.405775
0.00024883 2.405106
0.00024888 2.404437
0.00024893 2.403768
0.00024897 2.403099
0.00024902 2.402430
0.00024907 2.401761
0.00024912 2.401092
0.00024917 2.400423
0.00024922 2.399755
0.00024927 2.399086
0.00024932 2.398417
0.00024937 2.397748
0.00024941 2.397079
0.00024946 2.396410
0.00024951 2.395741
0.00024956 2.395072
0.00024961 2.394403
0.00024966 2.393734
0.00024971 2.393065
0.00024976 2.392396
0.00024980 2.391727
0.00024985 2.391058
0.00024990 2.390389
0.00024995 2.389720
0.00025000 2.389051
0.00025005 2.388382
0.00025010 2.387714
0.00025015 2.387045
0.00025020 2.386376
0.00025024 2.385707
0.00025029 2.385038
0.00025034 2.384369
0.00025039 2.383700
0.00025044 2.383031
0.00025049 2.382362
0.00025054 2.381693
0.00025059 2.381024
0.00025063 2.380355
0.00025068 2.379686
0.00025073 2.379017
0.00025078 2.378348
0.00025083 2.377679
0.00025088 2.377010
0.00025093 2.376341
0.00025098 2.375672
0.00025449 2.499427
0.00025454 2.498758
0.00025459 2.498089
0.00025464 2.497421
0.00025469 2.496752
0.00025474 2.496083
0.00025479 2.495414
0.00025483 2.494745
0.00025488 2.494076
0.00025493 2.493407
0.00025498 2.492738
0.00025503 2.492069
0.00025508 2.491400
0.00025513 2.490731
0.00025518 2.490062
0.00025522 2.489393
0.00025527 2.488724
0.00025532 2.488055
0.00025537 2.487386
0.00025542 2.486717
0.00025547 2.486048
0.00025552 2.485380
0.00025557 2.484711
0.00025562 2.484042
0.00025566 2.483373
0.00025571 2.482704
0.00025576 2.482035
0.00025581 2.481366
0.00025586 2.480697
0.00025591 2.480028
0.00025596 2.479359
0.00025601 2.478690
0.00025605 2.478021
0.00025610 2.477352
0.00025615 2.476683
0.00025620 2.476014
0.00025625 2.475345
0.00025630 2.474676
0.00025635 2.474007
0.00025640 2.473339
0.00025645 2.472670
0.00025649 2.472001
0.00025654 2.471332
0.00025659 2.470663
0.00025664 2.469994
0.00025669 2.469325
0.00025674 2.468656
0.00025679 2.467987
0.00025684 2.467318
0.00025688 2.466649
0.00025693 2.465980
0.00025698 2.465311
0.00025703 2.464642
0.00025708 2.463973
0.00025713 2.463304
0.00025718 2.462635
0.00025723 2.461966
0.00025728 2.461298
0.00025732 2.460629
0.00025737 2.459960
0.00025742 2.459291
0.00025747 2.458622
0.00025752 2.457953
0.00025757 2.457284
0.00025762 2.456615
0.00025767 2.455946
0.00025771 2.455277
0.00025776 2.454608
0.00025781 2.453939
0.00025786 2.453270
0.00025791 2.452601
0.00025796 2.451932
0.00025801 2.451263
0.00025806 2.450594
0.00025811 2.449925
0.00025815 2.449256
0.00025820 2.448588
0.00025825 2.447919
0.00025830 2.447250
0.00025835 2.446581
0.00025840 2.445912
0.00025845 2.445243
0.00025850 2.444574
0.00025854 2.443905
0.00025859 2.443236
0.00025864 2.442567
0.00025869 2.441898
0.00025874 2.441229
0.00025879 2.440560
0.00025884 2.439891
0.00025889 2.439222
0.00025894 2.438553
0.00025898 2.437884
0.00025903 2.437215
0.00025908 2.436547
0.00025913 2.435878
0.00025918 2.435209
0.00025923 2.434540
0.00025928 2.433871
0.00025933 2.433202
0.00025937 2.432533
0.00025942 2.431864
0.00025947 2.431195
0.00025952 2.430526
0.00025957 2.429857
0.00025962 2.429188
0.00025967 2.428519
0.00025972 2.427850
0.00025977 2.427181
0.00025981 2.426512
0.00025986 2.425843
0.00025991 2.425174
0.00025996 2.424506
0.00026001 2.423837
0.00026006 2.423168
0.00026011 2.422499
0.00026016 2.421830
0.00026021 2.421161
0.00026025 2.420492
0.00026030 2.419823
0.00026035 2.419154
0.00026040 2.418485
0.00026045 2.417816
0.00026050 2.417147
0.00026055 2.416478
0.00026060 2.415809
0.00026064 2.415140
0.00026069 2.414471
0.00026074 2.413802
0.00026079 2.413133
0.00026084 2.412464
0.00026089 2.411796
0.00026094 2.411127
0.00026099 2.410458
0.00026104 2.409789
0.00026108 2.409120
0.00026113 2.408451
0.00026118 2.407782
0.00026123 2.407113
0.00026128 2.406444
0.00026133 2.405775
0.00026138 2.405106
0.00026143 2.404437
0.00026147 2.403768
0.00026152 2.403099
0.00026157 2.402430
0.00026162 2.401761
0.00026167 2.401092
0.00026172 2.400423
0.00026177 2.399755
0.00026182 2.399086
0.00026187 2.398417
0.00026191 2.397748
0.00026196 2.397079
0.00026201 2.396410
0.00026206 2.395741
0.00026211 2.395072
0.00026216 2.394403
0.00026221 2.393734
0.00026226 2.393065
0.00026230 2.392396
0.00026235 2.391727
0.00026240 2.391058
0.00026245 2.390389
0.00026250 2.389720
0.00026255 2.389051
0.00026260 2.388382
0.00026265 2.387714
0.00026270 2.387045
0.00026274 2.386376
0.00026279 2.385707
0.00026284 2.385038
0.00026289 2.384369
0.00026294 2.383700
0.00026299 2.383031
0.00026304 2.382362
0.00026309 2.381693
0.00026313 2.381024
0.00026318 2.380355
0.00026323 2.379686
0.00026328 2.379017
0.00026333 2.378348
0.00026338 2.377679
0.00026343 2.377010
0.00026348 2.376341
0.00026353 2.375672
